0.020006, 
0.020006, 
0.020254, 
0.020613, 
0.020613, 
0.020798, 
0.020798, 
0.022328, 
0.022328, 
0.022328, 
0.022328, 
0.022328, 
0.022328, 
0.024251, 
0.025080, 
0.025080, 
0.025560, 
0.025863, 
0.025863, 
0.025863, 
0.026178, 
0.026178, 
0.026178, 
0.027268, 
0.027268, 
0.028735, 
0.028948, 
0.028948, 
0.028948, 
0.028948, 
0.029029, 
0.030301, 
0.030301, 
0.030496, 
0.030929, 
0.030929, 
0.032026, 
0.032026, 
0.032336, 
0.032672, 
0.032884, 
0.033555, 
0.033555, 
0.034135, 
0.034135, 
0.034327, 
0.034631, 
0.034726, 
0.035746, 
0.035746, 
0.035746, 
0.038671, 
0.041388, 
0.041388, 
0.041388, 
0.041388, 
0.041388, 
0.041388, 
0.041388, 
0.042014, 
0.042014, 
0.042014, 
0.043098, 
0.043098, 
0.045705, 
0.047478, 
0.047478, 
0.048508, 
0.050190, 
0.050238, 
0.050238, 
0.050238, 
0.050238, 
0.050795, 
0.051128, 
0.051128, 
0.051928, 
0.053059, 
0.054804, 
0.054804, 
0.055769, 
0.055769, 
0.056601, 
0.056881, 
0.056881, 
0.057654, 
0.057654, 
0.058456, 
0.058456, 
0.058456, 
0.058456, 
0.058456, 
0.058456, 
0.058456, 
0.059242, 
0.059242, 
0.059522, 
0.059522, 
0.059522, 
0.059522, 
0.059522, 
0.059522, 
0.059522, 
0.059958, 
0.062558, 
0.062558, 
0.064721, 
0.066833, 
0.068743, 
0.068743, 
0.068743, 
0.068743, 
0.068743, 
0.069092, 
0.069995, 
0.070208, 
0.070208, 
0.070208, 
0.071877, 
0.071877, 
0.071877, 
0.071877, 
0.071877, 
0.071877, 
0.071877, 
0.071877, 
0.074125, 
0.074125, 
0.074435, 
0.076295, 
0.078367, 
0.078788, 
0.078788, 
0.079677, 
0.079677, 
0.080926, 
0.083132, 
0.084212, 
0.084773, 
0.084773, 
0.084773, 
0.084773, 
0.084773, 
0.084773, 
0.084817, 
0.084817, 
0.084878, 
0.084878, 
0.085601, 
0.085601, 
0.087434, 
0.091095, 
0.092470, 
0.092470, 
0.093057, 
0.093057, 
0.093057, 
0.093057, 
0.093057, 
0.093057, 
0.098051, 
0.098051, 
0.098051, 
0.098595, 
0.102185, 
0.102185, 
0.102534, 
0.102534, 
0.102534, 
0.102534, 
0.102534, 
0.105530, 
0.105530, 
0.109395, 
0.109760, 
0.110449, 
0.110449, 
0.110449, 
0.115597, 
0.115597, 
0.118337, 
0.119480, 
0.120685, 
0.120685, 
0.123759, 
0.126151, 
0.128397, 
0.128397, 
0.131024, 
0.132376, 
0.134842, 
0.135448, 
0.139608, 
0.139608, 
0.139608, 
0.141579, 
0.141579, 
0.141579, 
0.142632, 
0.142632, 
0.143335, 
0.143335, 
0.150081, 
0.155638, 
0.163790, 
0.164451, 
0.164451, 
0.165670, 
0.169608, 
0.170991, 
0.170991, 
0.170991, 
0.170991, 
0.173837, 
0.176513, 
0.176513, 
0.176513, 
0.176513, 
0.181046, 
0.181046, 
0.181313, 
0.184461, 
0.184759, 
0.185880, 
0.190196, 
0.190196, 
0.190196, 
0.190196, 
0.190196, 
0.193889, 
0.196309, 
0.196309, 
0.197079, 
0.197079, 
0.198880, 
0.196982, 
0.197386, 
0.197386, 
0.199280, 
0.199280, 
0.197517, 
0.197415, 
0.197415, 
0.197054, 
0.199370, 
0.199370, 
0.199370, 
0.199370, 
0.200480, 
0.201353, 
0.201548, 
0.201548, 
0.198174, 
0.202010, 
0.202010, 
0.199335, 
0.199335, 
0.197722, 
0.200521, 
0.200521, 
0.200521, 
0.200521, 
0.200521, 
0.200521, 
0.198965, 
0.200835, 
0.202440, 
0.202440, 
0.202440, 
0.201229, 
0.201073, 
0.201073, 
0.201073, 
0.201073, 
0.201073, 
0.200666, 
0.200666, 
0.200666, 
0.200666, 
0.201363, 
0.201363, 
0.201312, 
0.201312, 
0.201312, 
0.201312, 
0.201691, 
0.202393, 
0.201299, 
0.201299, 
0.201299, 
0.201299, 
0.203188, 
0.202011, 
0.199261, 
0.199261, 
0.199261, 
0.201984, 
0.201984, 
0.198331, 
0.199766, 
0.199766, 
0.199766, 
0.199766, 
0.199766, 
0.199766, 
0.199766, 
0.199766, 
0.199766, 
0.199766, 
0.199766, 
0.199766, 
0.200957, 
0.200957, 
0.200957, 
0.200957, 
0.200957, 
0.200957, 
0.200720, 
0.200720, 
0.200720, 
0.200720, 
0.200720, 
0.200720, 
0.200720, 
0.200720, 
0.200720, 
0.200720, 
0.200720, 
0.200720, 
0.200720, 
0.200040, 
0.200040, 
0.200040, 
0.200040, 
0.200040, 
0.200040, 
0.200040, 
0.200040, 
0.200040, 
0.200040, 
0.200040, 
0.200040, 
0.200040, 
0.201909, 
0.201909, 
0.201909, 
0.201607, 
0.201607, 
0.201607, 
0.201607, 
0.201607, 
0.203562, 
0.199500, 
0.199500, 
0.201101, 
0.200826, 
0.200826, 
0.200826, 
0.200826, 
0.198628, 
0.199389, 
0.199389, 
0.199855, 
0.199855, 
0.199855, 
0.199855, 
0.199655, 
0.199655, 
0.199655, 
0.199655, 
0.201408, 
0.198645, 
0.198645, 
0.198645, 
0.198645, 
0.198645, 
0.198645, 
0.201797, 
0.201797, 
0.201797, 
0.201797, 
0.201797, 
0.200297, 
0.200297, 
0.200297, 
0.200297, 
0.200297, 
0.200671, 
0.200671, 
0.201963, 
0.201963, 
0.201963, 
0.201134, 
0.202236, 
0.202236, 
0.202236, 
0.202236, 
0.200268, 
0.200268, 
0.200268, 
0.200268, 
0.200268, 
0.200268, 
0.200268, 
0.200268, 
0.200268, 
0.200268, 
0.200268, 
0.198500, 
0.202212, 
0.202212, 
0.202212, 
0.202212, 
0.202212, 
0.202195, 
0.202195, 
0.201489, 
0.201489, 
0.201489, 
0.201489, 
0.201489, 
0.201489, 
0.201489, 
0.201489, 
0.201489, 
0.201489, 
0.199949, 
0.200729, 
0.200729, 
0.200729, 
0.200729, 
0.200729, 
0.200729, 
0.200729, 
0.200729, 
0.200729, 
0.200729, 
0.200729, 
0.200729, 
0.200729, 
0.202998, 
0.202189, 
0.202189, 
0.202189, 
0.202189, 
0.202189, 
0.201369, 
0.200916, 
0.200916, 
0.200916, 
0.200916, 
0.201228, 
0.201228, 
0.201195, 
0.201195, 
0.200617, 
0.200617, 
0.200617, 
0.200617, 
0.201202, 
0.201202, 
0.202510, 
0.199861, 
0.199861, 
0.199861, 
0.199861, 
0.199861, 
0.199861, 
0.199861, 
0.199861, 
0.199861, 
0.199861, 
0.199861, 
0.199048, 
0.199436, 
0.199855, 
0.199855, 
0.199855, 
0.199855, 
0.200644, 
0.200644, 
0.200644, 
0.200644, 
0.200644, 
0.200842, 
0.200842, 
0.200842, 
0.200842, 
0.200842, 
0.201217, 
0.201217, 
0.201217, 
0.201217, 
0.201217, 
0.201217, 
0.201217, 
0.201217, 
0.201168, 
0.202286, 
0.202286, 
0.202286, 
0.199374, 
0.199181, 
0.199181, 
0.199181, 
0.199181, 
0.199181, 
0.199181, 
0.199006, 
0.199006, 
0.201447, 
0.198606, 
0.204139, 
0.200525, 
0.201822, 
0.201822, 
0.201822, 
0.201822, 
0.201822, 
0.201822, 
0.200057, 
0.200057, 
0.201655, 
0.201655, 
0.201655, 
0.201655, 
0.201655, 
0.201655, 
0.201655, 
0.201655, 
0.201655, 
0.202264, 
0.202264, 
0.200640, 
0.200640, 
0.200640, 
0.199743, 
0.199743, 
0.199743, 
0.199743, 
0.199743, 
0.199743, 
0.199743, 
0.198312, 
0.199464, 
0.199464, 
0.199464, 
0.199464, 
0.200084, 
0.201552, 
0.201552, 
0.201552, 
0.201552, 
0.200651, 
0.200651, 
0.200651, 
0.200651, 
0.200651, 
0.201046, 
0.201046, 
0.200247, 
0.200247, 
0.200247, 
0.200247, 
0.200624, 
0.200624, 
0.200624, 
0.200624, 
0.200624, 
0.200624, 
0.200624, 
0.200624, 
0.199193, 
0.199193, 
0.199193, 
0.199193, 
0.199193, 
0.201466, 
0.200588, 
0.200588, 
0.200588, 
0.200588, 
0.201224, 
0.201224, 
0.199767, 
0.202352, 
0.202352, 
0.202352, 
0.200564, 
0.200564, 
0.200564, 
0.200564, 
0.202308, 
0.202308, 
0.202308, 
0.202308, 
0.200792, 
0.200792, 
0.200792, 
0.199287, 
0.199724, 
0.199724, 
0.199724, 
0.199977, 
0.199977, 
0.199977, 
0.199977, 
0.199977, 
0.199977, 
0.199977, 
0.199977, 
0.199977, 
0.199977, 
0.199977, 
0.199977, 
0.199977, 
0.199977, 
0.199977, 
0.199003, 
0.199003, 
0.199003, 
0.197686, 
0.197686, 
0.197686, 
0.197686, 
0.199041, 
0.198901, 
0.199153, 
0.199153, 
0.199153, 
0.199153, 
0.200850, 
0.200850, 
0.200850, 
0.199898, 
0.199898, 
0.201233, 
0.201233, 
0.201233, 
0.201233, 
0.201233, 
0.201233, 
0.201233, 
0.201233, 
0.203249, 
0.203249, 
0.200933, 
0.200933, 
0.199819, 
0.199819, 
0.199819, 
0.200909, 
0.200909, 
0.200909, 
0.200909, 
0.200909, 
0.200849, 
0.200849, 
0.200849, 
0.200849, 
0.200849, 
0.200849, 
0.200849, 
0.199112, 
0.199112, 
0.200942, 
0.203640, 
0.201808, 
0.200668, 
0.200668, 
0.200668, 
0.200668, 
0.200668, 
0.199565, 
0.199565, 
0.199565, 
0.199565, 
0.199565, 
0.199877, 
0.199877, 
0.199877, 
0.199877, 
0.199877, 
0.199877, 
0.199877, 
0.200508, 
0.200508, 
0.200508, 
0.201830, 
0.200501, 
0.200501, 
0.200501, 
0.200501, 
0.200501, 
0.200501, 
0.200501, 
0.200501, 
0.200501, 
0.198345, 
0.198345, 
0.198345, 
0.202100, 
0.202100, 
0.200443, 
0.200443, 
0.200443, 
0.200443, 
0.200443, 
0.200443, 
0.200443, 
0.200443, 
0.200737, 
0.200737, 
0.200737, 
0.200737, 
0.200737, 
0.200737, 
0.199794, 
0.199794, 
0.199794, 
0.199794, 
0.201770, 
0.201770, 
0.201770, 
0.201770, 
0.201770, 
0.201770, 
0.201770, 
0.201770, 
0.201770, 
0.200275, 
0.200505, 
0.200505, 
0.200398, 
0.199450, 
0.199450, 
0.199450, 
0.199450, 
0.199450, 
0.199450, 
0.199450, 
0.199450, 
0.199450, 
0.199450, 
0.199450, 
0.199571, 
0.199571, 
0.199571, 
0.199571, 
0.199571, 
0.199571, 
0.199571, 
0.200023, 
0.200023, 
0.200023, 
0.200023, 
0.199447, 
0.199447, 
0.200126, 
0.200126, 
0.201493, 
0.201493, 
0.201493, 
0.201493, 
0.201493, 
0.199993, 
0.199993, 
0.199993, 
0.199993, 
0.199993, 
0.199993, 
0.199993, 
0.199935, 
0.199935, 
0.199935, 
0.199935, 
0.199935, 
0.199998, 
0.199998, 
0.199832, 
0.199832, 
0.199832, 
0.199832, 
0.199832, 
0.199832, 
0.199832, 
0.199832, 
0.199832, 
0.201190, 
0.201190, 
0.201190, 
0.201481, 
0.201481, 
0.202607, 
0.202607, 
0.200860, 
0.200860, 
0.200860, 
0.200860, 
0.200860, 
0.200860, 
0.200860, 
0.200860, 
0.200860, 
0.201984, 
0.201984, 
0.202528, 
0.202528, 
0.202528, 
0.199969, 
0.199969, 
0.199969, 
0.199969, 
0.199969, 
0.199969, 
0.199969, 
0.201263, 
0.201263, 
0.201263, 
0.201065, 
0.201065, 
0.198515, 
0.198515, 
0.198515, 
0.198515, 
0.198515, 
0.200280, 
0.200280, 
0.200280, 
0.200280, 
0.200280, 
0.200280, 
0.200280, 
0.200273, 
0.200273, 
0.200273, 
0.200273, 
0.200451, 
0.200451, 
0.201902, 
0.201902, 
0.201902, 
0.201902, 
0.201219, 
0.201441, 
0.201441, 
0.201441, 
0.201441, 
0.201441, 
0.201441, 
0.201441, 
0.201441, 
0.202500, 
0.202500, 
0.202500, 
0.200779, 
0.198609, 
0.198609, 
0.198609, 
0.203320, 
0.203320, 
0.203320, 
0.201630, 
0.201630, 
0.201630, 
0.199681, 
0.199681, 
0.201011, 
0.201011, 
0.202432, 
0.200411, 
0.200411, 
0.200411, 
0.200411, 
0.200411, 
0.200411, 
0.201600, 
0.201676, 
0.201676, 
0.201676, 
0.201676, 
0.201676, 
0.199639, 
0.199639, 
0.199639, 
0.199639, 
0.199639, 
0.199639, 
0.199639, 
0.199639, 
0.199639, 
0.198647, 
0.198647, 
0.199840, 
0.200984, 
0.200984, 
0.200984, 
0.200984, 
0.200984, 
0.200984, 
0.200984, 
0.200984, 
0.200984, 
0.200984, 
0.199949, 
0.199949, 
0.199949, 
0.199949, 
0.199949, 
0.198593, 
0.197235, 
0.201036, 
0.201036, 
0.200252, 
0.200252, 
0.200252, 
0.200252, 
0.200252, 
0.200252, 
0.200485, 
0.200485, 
0.200485, 
0.200485, 
0.200485, 
0.200485, 
0.201737, 
0.200859, 
0.200859, 
0.200859, 
0.200859, 
0.200859, 
0.200859, 
0.200859, 
0.200693, 
0.200693, 
0.200693, 
0.200693, 
0.200693, 
0.200693, 
0.200097, 
0.202909, 
0.202909, 
0.202909, 
0.202909, 
0.201972, 
0.201972, 
0.199854, 
0.199854, 
0.199854, 
0.199854, 
0.199854, 
0.199854, 
0.199854, 
0.199854, 
0.199854, 
0.202567, 
0.200042, 
0.200042, 
0.200042, 
0.200042, 
0.200187, 
0.200187, 
0.200187, 
0.200187, 
0.200300, 
0.200300, 
0.200300, 
0.200300, 
0.200300, 
0.200300, 
0.200300, 
0.201978, 
0.201978, 
0.202049, 
0.202049, 
0.202049, 
0.202049, 
0.202049, 
0.201179, 
0.201179, 
0.201179, 
0.201179, 
0.201179, 
0.201179, 
0.201179, 
0.201179, 
0.201179, 
0.201179, 
0.200006, 
0.200006, 
0.200006, 
0.200789, 
0.200789, 
0.200789, 
0.200789, 
0.198946, 
0.198946, 
0.198946, 
0.201907, 
0.201907, 
