0.000000,-32215.056683,-32215.056683,
0.000000,-32215.056683,-32215.056683,
0.000000,-32012.676638,-32012.676638,
0.000000,-31724.940027,-31724.940027,
0.000000,-31724.940027,-31724.940027,
0.000000,-31578.547130,-31578.547130,
0.000000,-31578.547130,-31578.547130,
0.000000,-30409.698587,-30409.698587,
0.000000,-30409.698587,-30409.698587,
0.000000,-30409.698587,-30409.698587,
0.000000,-30409.698587,-30409.698587,
0.000000,-30409.698587,-30409.698587,
0.000000,-30409.698587,-30409.698587,
0.000000,-29018.343197,-29018.343197,
0.000000,-28442.543412,-28442.543412,
0.000000,-28442.543412,-28442.543412,
0.000000,-28115.802887,-28115.802887,
0.000000,-27913.161865,-27913.161865,
0.000000,-27913.161865,-27913.161865,
0.000000,-27913.161865,-27913.161865,
0.000000,-27705.080797,-27705.080797,
0.000000,-27705.080797,-27705.080797,
0.000000,-27705.080797,-27705.080797,
0.000000,-27005.983157,-27005.983157,
0.000000,-27005.983157,-27005.983157,
0.000000,-26099.610937,-26099.610937,
0.000000,-25972.844628,-25972.844628,
0.000000,-25972.844628,-25972.844628,
0.000000,-25972.844628,-25972.844628,
0.000000,-25972.844628,-25972.844628,
0.000000,-25924.736619,-25924.736619,
0.000000,-25186.408805,-25186.408805,
0.000000,-25186.408805,-25186.408805,
0.000000,-25075.731994,-25075.731994,
0.000000,-24831.817329,-24831.817329,
0.000000,-24831.817329,-24831.817329,
0.000000,-24231.947843,-24231.947843,
0.000000,-24231.947843,-24231.947843,
0.000000,-24066.575136,-24066.575136,
0.000000,-23889.696028,-23889.696028,
0.000000,-23778.926491,-23778.926491,
0.000000,-23433.704052,-23433.704052,
0.000000,-23433.704052,-23433.704052,
0.000000,-23141.555589,-23141.555589,
0.000000,-23141.555589,-23141.555589,
0.000000,-23046.023677,-23046.023677,
0.000000,-22896.362456,-22896.362456,
0.000000,-22849.513492,-22849.513492,
0.000000,-22359.691531,-22359.691531,
0.000000,-22359.691531,-22359.691531,
0.000000,-22359.691531,-22359.691531,
0.000000,-21037.513300,-21037.513300,
0.000000,-19909.123057,-19909.123057,
0.000000,-19909.123057,-19909.123057,
0.000000,-19909.123057,-19909.123057,
0.000000,-19909.123057,-19909.123057,
0.000000,-19909.123057,-19909.123057,
0.000000,-19909.123057,-19909.123057,
0.000000,-19909.123057,-19909.123057,
0.000000,-19661.876413,-19661.876413,
0.000000,-19661.876413,-19661.876413,
0.000000,-19661.876413,-19661.876413,
0.000000,-19243.419663,-19243.419663,
0.000000,-19243.419663,-19243.419663,
0.000000,-18287.504072,-18287.504072,
0.000000,-17674.342557,-17674.342557,
0.000000,-17674.342557,-17674.342557,
0.000000,-17330.805986,-17330.805986,
0.000000,-16789.478858,-16789.478858,
0.000000,-16774.275616,-16774.275616,
0.000000,-16774.275616,-16774.275616,
0.000000,-16774.275616,-16774.275616,
0.000000,-16774.275616,-16774.275616,
0.000000,-16599.967036,-16599.967036,
0.000000,-16496.974939,-16496.974939,
0.000000,-16496.974939,-16496.974939,
0.000000,-16253.237164,-16253.237164,
0.000000,-15916.243317,-15916.243317,
0.000000,-15414.732998,-15414.732998,
0.000000,-15414.732998,-15414.732998,
0.000000,-15146.358933,-15146.358933,
0.000000,-15146.358933,-15146.358933,
0.000000,-14919.853442,-14919.853442,
0.000000,-14844.518074,-14844.518074,
0.000000,-14844.518074,-14844.518074,
0.000000,-14639.295171,-14639.295171,
0.000000,-14639.295171,-14639.295171,
0.000000,-14430.437666,-14430.437666,
0.000000,-14430.437666,-14430.437666,
0.000000,-14430.437666,-14430.437666,
0.000000,-14430.437666,-14430.437666,
0.000000,-14430.437666,-14430.437666,
0.000000,-14430.437666,-14430.437666,
0.000000,-14430.437666,-14430.437666,
0.000000,-14229.198102,-14229.198102,
0.000000,-14229.198102,-14229.198102,
0.000000,-14158.400337,-14158.400337,
0.000000,-14158.400337,-14158.400337,
0.000000,-14158.400337,-14158.400337,
0.000000,-14158.400337,-14158.400337,
0.000000,-14158.400337,-14158.400337,
0.000000,-14158.400337,-14158.400337,
0.000000,-14158.400337,-14158.400337,
0.000000,-14049.195131,-14049.195131,
0.000000,-13419.141844,-13419.141844,
0.000000,-13419.141844,-13419.141844,
0.000000,-12921.987103,-12921.987103,
0.000000,-12458.822622,-12458.822622,
0.000000,-12057.339067,-12057.339067,
0.000000,-12057.339067,-12057.339067,
0.000000,-12057.339067,-12057.339067,
0.000000,-12057.339067,-12057.339067,
0.000000,-12057.339067,-12057.339067,
0.000000,-11985.721048,-11985.721048,
0.000000,-11802.926816,-11802.926816,
0.000000,-11760.230326,-11760.230326,
0.000000,-11760.230326,-11760.230326,
0.000000,-11760.230326,-11760.230326,
0.000000,-11432.700083,-11432.700083,
0.000000,-11432.700083,-11432.700083,
0.000000,-11432.700083,-11432.700083,
0.000000,-11432.700083,-11432.700083,
0.000000,-11432.700083,-11432.700083,
0.000000,-11432.700083,-11432.700083,
0.000000,-11432.700083,-11432.700083,
0.000000,-11432.700083,-11432.700083,
0.000000,-11008.951596,-11008.951596,
0.000000,-11008.951596,-11008.951596,
0.000000,-10951.910224,-10951.910224,
0.000000,-10617.727134,-10617.727134,
0.000000,-10259.869334,-10259.869334,
0.000000,-10188.947281,-10188.947281,
0.000000,-10188.947281,-10188.947281,
0.000000,-10041.046083,-10041.046083,
0.000000,-10041.046083,-10041.046083,
0.000000,-9837.688514,-9837.688514,
0.000000,-9490.362803,-9490.362803,
0.000000,-9325.610944,-9325.610944,
0.000000,-9241.507742,-9241.507742,
0.000000,-9241.507742,-9241.507742,
0.000000,-9241.507742,-9241.507742,
0.000000,-9241.507742,-9241.507742,
0.000000,-9241.507742,-9241.507742,
0.000000,-9241.507742,-9241.507742,
0.000000,-9234.834944,-9234.834944,
0.000000,-9234.834944,-9234.834944,
0.000000,-9225.758395,-9225.758395,
0.000000,-9225.758395,-9225.758395,
0.000000,-9118.838809,-9118.838809,
0.000000,-9118.838809,-9118.838809,
0.000000,-8854.386429,-8854.386429,
0.000000,-8352.989516,-8352.989516,
0.000000,-8173.554965,-8173.554965,
0.000000,-8173.554965,-8173.554965,
0.000000,-8098.338482,-8098.338482,
0.000000,-8098.338482,-8098.338482,
0.000000,-8098.338482,-8098.338482,
0.000000,-8098.338482,-8098.338482,
0.000000,-8098.338482,-8098.338482,
0.000000,-8098.338482,-8098.338482,
0.000000,-7491.207439,-7491.207439,
0.000000,-7491.207439,-7491.207439,
0.000000,-7491.207439,-7491.207439,
0.000000,-7428.504952,-7428.504952,
0.000000,-7030.228764,-7030.228764,
0.000000,-7030.228764,-7030.228764,
0.000000,-6992.908347,-6992.908347,
0.000000,-6992.908347,-6992.908347,
0.000000,-6992.908347,-6992.908347,
0.000000,-6992.908347,-6992.908347,
0.000000,-6992.908347,-6992.908347,
0.000000,-6682.569412,-6682.569412,
0.000000,-6682.569412,-6682.569412,
0.000000,-6307.270371,-6307.270371,
0.000000,-6273.277038,-6273.277038,
0.000000,-6209.593763,-6209.593763,
0.000000,-6209.593763,-6209.593763,
0.000000,-6209.593763,-6209.593763,
0.000000,-5759.922776,-5759.922776,
0.000000,-5759.922776,-5759.922776,
0.000000,-5538.121031,-5538.121031,
0.000000,-5448.992813,-5448.992813,
0.000000,-5357.203833,-5357.203833,
0.000000,-5357.203833,-5357.203833,
0.000000,-5132.696738,-5132.696738,
0.000000,-4967.303088,-4967.303088,
0.000000,-4819.063948,-4819.063948,
0.000000,-4819.063948,-4819.063948,
0.000000,-4654.168003,-4654.168003,
0.000000,-4572.718217,-4572.718217,
0.000000,-4430.037030,-4430.037030,
0.000000,-4396.109809,-4396.109809,
0.000000,-4174.986183,-4174.986183,
0.000000,-4174.986183,-4174.986183,
0.000000,-4174.986183,-4174.986183,
0.000000,-4077.159761,-4077.159761,
0.000000,-4077.159761,-4077.159761,
0.000000,-4077.159761,-4077.159761,
0.000000,-4026.644177,-4026.644177,
0.000000,-4026.644177,-4026.644177,
0.000000,-3993.619702,-3993.619702,
0.000000,-3993.619702,-3993.619702,
0.000000,-3703.187059,-3703.187059,
0.000000,-3498.393686,-3498.393686,
0.000000,-3250.000630,-3250.000630,
0.000000,-3232.433940,-3232.433940,
0.000000,-3232.433940,-3232.433940,
0.000000,-3201.024443,-3201.024443,
0.000000,-3108.054051,-3108.054051,
0.000000,-3078.428976,-3078.428976,
0.000000,-3078.428976,-3078.428976,
0.000000,-3078.428976,-3078.428976,
0.000000,-3078.428976,-3078.428976,
0.000000,-3022.274818,-3022.274818,
0.000000,-2975.232234,-2975.232234,
0.000000,-2975.232234,-2975.232234,
0.000000,-2975.232234,-2975.232234,
0.000000,-2975.232234,-2975.232234,
0.000000,-2907.917847,-2907.917847,
0.000000,-2907.917847,-2907.917847,
0.000000,-2904.438132,-2904.438132,
0.000000,-2867.173654,-2867.173654,
0.000000,-2864.010803,-2864.010803,
0.000000,-2852.694120,-2852.694120,
0.000000,-2817.249356,-2817.249356,
0.000000,-2817.249356,-2817.249356,
0.000000,-2817.249356,-2817.249356,
0.000000,-2817.249356,-2817.249356,
0.000000,-2817.249356,-2817.249356,
0.000000,-2796.939424,-2796.939424,
0.000000,-2788.504735,-2788.504735,
0.000000,-2788.504735,-2788.504735,
0.000000,-2786.614905,-2786.614905,
0.000000,-2786.614905,-2786.614905,
0.000000,-2783.676911,-2783.676911,
0.000000,-2786.831886,-2786.831886,
0.000000,-2785.969422,-2785.969422,
0.000000,-2785.969422,-2785.969422,
0.000000,-2783.302394,-2783.302394,
0.000000,-2783.302394,-2783.302394,
0.000000,-2785.710955,-2785.710955,
0.000000,-2785.910504,-2785.910504,
0.000000,-2785.910504,-2785.910504,
0.000000,-2786.670986,-2786.670986,
0.000000,-2783.232636,-2783.232636,
0.000000,-2783.232636,-2783.232636,
0.000000,-2783.232636,-2783.232636,
0.000000,-2783.232636,-2783.232636,
0.000000,-2782.784525,-2782.784525,
0.000000,-2782.972999,-2782.972999,
0.000000,-2783.079745,-2783.079745,
0.000000,-2783.079745,-2783.079745,
0.000000,-2784.583137,-2784.583137,
0.000000,-2783.426414,-2783.426414,
0.000000,-2783.426414,-2783.426414,
0.000000,-2783.259053,-2783.259053,
0.000000,-2783.259053,-2783.259053,
0.000000,-2785.328757,-2785.328757,
0.000000,-2782.782781,-2782.782781,
0.000000,-2782.782781,-2782.782781,
0.000000,-2782.782781,-2782.782781,
0.000000,-2782.782781,-2782.782781,
0.000000,-2782.782781,-2782.782781,
0.000000,-2782.782781,-2782.782781,
0.000000,-2783.588613,-2783.588613,
0.000000,-2782.803986,-2782.803986,
0.000000,-2783.867486,-2783.867486,
0.000000,-2783.867486,-2783.867486,
0.000000,-2783.867486,-2783.867486,
0.000000,-2782.917334,-2782.917334,
0.000000,-2782.860750,-2782.860750,
0.000000,-2782.860750,-2782.860750,
0.000000,-2782.860750,-2782.860750,
0.000000,-2782.860750,-2782.860750,
0.000000,-2782.860750,-2782.860750,
0.000000,-2782.784902,-2782.784902,
0.000000,-2782.784902,-2782.784902,
0.000000,-2782.784902,-2782.784902,
0.000000,-2782.784902,-2782.784902,
0.000000,-2782.977813,-2782.977813,
0.000000,-2782.977813,-2782.977813,
0.000000,-2782.953344,-2782.953344,
0.000000,-2782.953344,-2782.953344,
0.000000,-2782.953344,-2782.953344,
0.000000,-2782.953344,-2782.953344,
0.000000,-2783.172577,-2783.172577,
0.000000,-2783.813523,-2783.813523,
0.000000,-2782.947581,-2782.947581,
0.000000,-2782.947581,-2782.947581,
0.000000,-2782.947581,-2782.947581,
0.000000,-2782.947581,-2782.947581,
0.000000,-2784.905141,-2784.905141,
0.000000,-2783.427267,-2783.427267,
0.000000,-2783.317758,-2783.317758,
0.000000,-2783.317758,-2783.317758,
0.000000,-2783.317758,-2783.317758,
0.000000,-2783.402900,-2783.402900,
0.000000,-2783.402900,-2783.402900,
0.000000,-2784.354027,-2784.354027,
0.000000,-2782.983922,-2782.983922,
0.000000,-2782.983922,-2782.983922,
0.000000,-2782.983922,-2782.983922,
0.000000,-2782.983922,-2782.983922,
0.000000,-2782.983922,-2782.983922,
0.000000,-2782.983922,-2782.983922,
0.000000,-2782.983922,-2782.983922,
0.000000,-2782.983922,-2782.983922,
0.000000,-2782.983922,-2782.983922,
0.000000,-2782.983922,-2782.983922,
0.000000,-2782.983922,-2782.983922,
0.000000,-2782.983922,-2782.983922,
0.000000,-2782.828615,-2782.828615,
0.000000,-2782.828615,-2782.828615,
0.000000,-2782.828615,-2782.828615,
0.000000,-2782.828615,-2782.828615,
0.000000,-2782.828615,-2782.828615,
0.000000,-2782.828615,-2782.828615,
0.000000,-2782.789077,-2782.789077,
0.000000,-2782.789077,-2782.789077,
0.000000,-2782.789077,-2782.789077,
0.000000,-2782.789077,-2782.789077,
0.000000,-2782.789077,-2782.789077,
0.000000,-2782.789077,-2782.789077,
0.000000,-2782.789077,-2782.789077,
0.000000,-2782.789077,-2782.789077,
0.000000,-2782.789077,-2782.789077,
0.000000,-2782.789077,-2782.789077,
0.000000,-2782.789077,-2782.789077,
0.000000,-2782.789077,-2782.789077,
0.000000,-2782.789077,-2782.789077,
0.000000,-2782.869721,-2782.869721,
0.000000,-2782.869721,-2782.869721,
0.000000,-2782.869721,-2782.869721,
0.000000,-2782.869721,-2782.869721,
0.000000,-2782.869721,-2782.869721,
0.000000,-2782.869721,-2782.869721,
0.000000,-2782.869721,-2782.869721,
0.000000,-2782.869721,-2782.869721,
0.000000,-2782.869721,-2782.869721,
0.000000,-2782.869721,-2782.869721,
0.000000,-2782.869721,-2782.869721,
0.000000,-2782.869721,-2782.869721,
0.000000,-2782.869721,-2782.869721,
0.000000,-2783.339517,-2783.339517,
0.000000,-2783.339517,-2783.339517,
0.000000,-2783.339517,-2783.339517,
0.000000,-2783.116492,-2783.116492,
0.000000,-2783.116492,-2783.116492,
0.000000,-2783.116492,-2783.116492,
0.000000,-2783.116492,-2783.116492,
0.000000,-2783.116492,-2783.116492,
0.000000,-2785.553713,-2785.553713,
0.000000,-2783.140322,-2783.140322,
0.000000,-2783.140322,-2783.140322,
0.000000,-2782.869879,-2782.869879,
0.000000,-2782.802467,-2782.802467,
0.000000,-2782.802467,-2782.802467,
0.000000,-2782.802467,-2782.802467,
0.000000,-2782.802467,-2782.802467,
0.000000,-2783.963699,-2783.963699,
0.000000,-2783.218178,-2783.218178,
0.000000,-2783.218178,-2783.218178,
0.000000,-2782.941609,-2782.941609,
0.000000,-2782.941609,-2782.941609,
0.000000,-2782.941609,-2782.941609,
0.000000,-2782.941609,-2782.941609,
0.000000,-2783.043948,-2783.043948,
0.000000,-2783.043948,-2783.043948,
0.000000,-2783.043948,-2783.043948,
0.000000,-2783.043948,-2783.043948,
0.000000,-2783.000788,-2783.000788,
0.000000,-2783.943504,-2783.943504,
0.000000,-2783.943504,-2783.943504,
0.000000,-2783.943504,-2783.943504,
0.000000,-2783.943504,-2783.943504,
0.000000,-2783.943504,-2783.943504,
0.000000,-2783.943504,-2783.943504,
0.000000,-2783.250010,-2783.250010,
0.000000,-2783.250010,-2783.250010,
0.000000,-2783.250010,-2783.250010,
0.000000,-2783.250010,-2783.250010,
0.000000,-2783.250010,-2783.250010,
0.000000,-2782.805312,-2782.805312,
0.000000,-2782.805312,-2782.805312,
0.000000,-2782.805312,-2782.805312,
0.000000,-2782.805312,-2782.805312,
0.000000,-2782.805312,-2782.805312,
0.000000,-2782.785179,-2782.785179,
0.000000,-2782.785179,-2782.785179,
0.000000,-2783.384789,-2783.384789,
0.000000,-2783.384789,-2783.384789,
0.000000,-2783.384789,-2783.384789,
0.000000,-2782.881103,-2782.881103,
0.000000,-2783.644306,-2783.644306,
0.000000,-2783.644306,-2783.644306,
0.000000,-2783.644306,-2783.644306,
0.000000,-2783.644306,-2783.644306,
0.000000,-2782.810550,-2782.810550,
0.000000,-2782.810550,-2782.810550,
0.000000,-2782.810550,-2782.810550,
0.000000,-2782.810550,-2782.810550,
0.000000,-2782.810550,-2782.810550,
0.000000,-2782.810550,-2782.810550,
0.000000,-2782.810550,-2782.810550,
0.000000,-2782.810550,-2782.810550,
0.000000,-2782.810550,-2782.810550,
0.000000,-2782.810550,-2782.810550,
0.000000,-2782.810550,-2782.810550,
0.000000,-2784.124515,-2784.124515,
0.000000,-2783.619835,-2783.619835,
0.000000,-2783.619835,-2783.619835,
0.000000,-2783.619835,-2783.619835,
0.000000,-2783.619835,-2783.619835,
0.000000,-2783.619835,-2783.619835,
0.000000,-2783.601705,-2783.601705,
0.000000,-2783.601705,-2783.601705,
0.000000,-2783.044941,-2783.044941,
0.000000,-2783.044941,-2783.044941,
0.000000,-2783.044941,-2783.044941,
0.000000,-2783.044941,-2783.044941,
0.000000,-2783.044941,-2783.044941,
0.000000,-2783.044941,-2783.044941,
0.000000,-2783.044941,-2783.044941,
0.000000,-2783.044941,-2783.044941,
0.000000,-2783.044941,-2783.044941,
0.000000,-2783.044941,-2783.044941,
0.000000,-2782.902291,-2782.902291,
0.000000,-2782.789883,-2782.789883,
0.000000,-2782.789883,-2782.789883,
0.000000,-2782.789883,-2782.789883,
0.000000,-2782.789883,-2782.789883,
0.000000,-2782.789883,-2782.789883,
0.000000,-2782.789883,-2782.789883,
0.000000,-2782.789883,-2782.789883,
0.000000,-2782.789883,-2782.789883,
0.000000,-2782.789883,-2782.789883,
0.000000,-2782.789883,-2782.789883,
0.000000,-2782.789883,-2782.789883,
0.000000,-2782.789883,-2782.789883,
0.000000,-2782.789883,-2782.789883,
0.000000,-2784.609040,-2784.609040,
0.000000,-2783.595759,-2783.595759,
0.000000,-2783.595759,-2783.595759,
0.000000,-2783.595759,-2783.595759,
0.000000,-2783.595759,-2783.595759,
0.000000,-2783.595759,-2783.595759,
0.000000,-2782.980897,-2782.980897,
0.000000,-2782.819423,-2782.819423,
0.000000,-2782.819423,-2782.819423,
0.000000,-2782.819423,-2782.819423,
0.000000,-2782.819423,-2782.819423,
0.000000,-2782.916709,-2782.916709,
0.000000,-2782.916709,-2782.916709,
0.000000,-2782.903742,-2782.903742,
0.000000,-2782.903742,-2782.903742,
0.000000,-2782.782723,-2782.782723,
0.000000,-2782.782723,-2782.782723,
0.000000,-2782.782723,-2782.782723,
0.000000,-2782.782723,-2782.782723,
0.000000,-2782.906216,-2782.906216,
0.000000,-2782.906216,-2782.906216,
0.000000,-2783.950315,-2783.950315,
0.000000,-2782.939001,-2782.939001,
0.000000,-2782.939001,-2782.939001,
0.000000,-2782.939001,-2782.939001,
0.000000,-2782.939001,-2782.939001,
0.000000,-2782.939001,-2782.939001,
0.000000,-2782.939001,-2782.939001,
0.000000,-2782.939001,-2782.939001,
0.000000,-2782.939001,-2782.939001,
0.000000,-2782.939001,-2782.939001,
0.000000,-2782.939001,-2782.939001,
0.000000,-2782.939001,-2782.939001,
0.000000,-2783.507224,-2783.507224,
0.000000,-2783.184060,-2783.184060,
0.000000,-2782.941869,-2782.941869,
0.000000,-2782.941869,-2782.941869,
0.000000,-2782.941869,-2782.941869,
0.000000,-2782.941869,-2782.941869,
0.000000,-2782.783721,-2782.783721,
0.000000,-2782.783721,-2782.783721,
0.000000,-2782.783721,-2782.783721,
0.000000,-2782.783721,-2782.783721,
0.000000,-2782.783721,-2782.783721,
0.000000,-2782.805061,-2782.805061,
0.000000,-2782.805061,-2782.805061,
0.000000,-2782.805061,-2782.805061,
0.000000,-2782.805061,-2782.805061,
0.000000,-2782.805061,-2782.805061,
0.000000,-2782.912418,-2782.912418,
0.000000,-2782.912418,-2782.912418,
0.000000,-2782.912418,-2782.912418,
0.000000,-2782.912418,-2782.912418,
0.000000,-2782.912418,-2782.912418,
0.000000,-2782.912418,-2782.912418,
0.000000,-2782.912418,-2782.912418,
0.000000,-2782.912418,-2782.912418,
0.000000,-2782.893455,-2782.893455,
0.000000,-2783.695882,-2783.695882,
0.000000,-2783.695882,-2783.695882,
0.000000,-2783.695882,-2783.695882,
0.000000,-2783.229104,-2783.229104,
0.000000,-2783.385857,-2783.385857,
0.000000,-2783.385857,-2783.385857,
0.000000,-2783.385857,-2783.385857,
0.000000,-2783.385857,-2783.385857,
0.000000,-2783.385857,-2783.385857,
0.000000,-2783.385857,-2783.385857,
0.000000,-2783.547386,-2783.547386,
0.000000,-2783.547386,-2783.547386,
0.000000,-2783.021314,-2783.021314,
0.000000,-2783.990324,-2783.990324,
0.000000,-2786.719044,-2786.719044,
0.000000,-2782.782640,-2782.782640,
0.000000,-2783.269391,-2783.269391,
0.000000,-2783.269391,-2783.269391,
0.000000,-2783.269391,-2783.269391,
0.000000,-2783.269391,-2783.269391,
0.000000,-2783.269391,-2783.269391,
0.000000,-2783.269391,-2783.269391,
0.000000,-2782.864032,-2782.864032,
0.000000,-2782.864032,-2782.864032,
0.000000,-2783.148358,-2783.148358,
0.000000,-2783.148358,-2783.148358,
0.000000,-2783.148358,-2783.148358,
0.000000,-2783.148358,-2783.148358,
0.000000,-2783.148358,-2783.148358,
0.000000,-2783.148358,-2783.148358,
0.000000,-2783.148358,-2783.148358,
0.000000,-2783.148358,-2783.148358,
0.000000,-2783.148358,-2783.148358,
0.000000,-2783.673053,-2783.673053,
0.000000,-2783.673053,-2783.673053,
0.000000,-2782.783552,-2782.783552,
0.000000,-2782.783552,-2782.783552,
0.000000,-2782.783552,-2782.783552,
0.000000,-2782.995862,-2782.995862,
0.000000,-2782.995862,-2782.995862,
0.000000,-2782.995862,-2782.995862,
0.000000,-2782.995862,-2782.995862,
0.000000,-2782.995862,-2782.995862,
0.000000,-2782.995862,-2782.995862,
0.000000,-2782.995862,-2782.995862,
0.000000,-2784.381123,-2784.381123,
0.000000,-2783.164330,-2783.164330,
0.000000,-2783.164330,-2783.164330,
0.000000,-2783.164330,-2783.164330,
0.000000,-2783.164330,-2783.164330,
0.000000,-2782.855809,-2782.855809,
0.000000,-2783.082159,-2783.082159,
0.000000,-2783.082159,-2783.082159,
0.000000,-2783.082159,-2783.082159,
0.000000,-2783.082159,-2783.082159,
0.000000,-2782.784066,-2782.784066,
0.000000,-2782.784066,-2782.784066,
0.000000,-2782.784066,-2782.784066,
0.000000,-2782.784066,-2782.784066,
0.000000,-2782.784066,-2782.784066,
0.000000,-2782.852586,-2782.852586,
0.000000,-2782.852586,-2782.852586,
0.000000,-2782.814524,-2782.814524,
0.000000,-2782.814524,-2782.814524,
0.000000,-2782.814524,-2782.814524,
0.000000,-2782.814524,-2782.814524,
0.000000,-2782.782934,-2782.782934,
0.000000,-2782.782934,-2782.782934,
0.000000,-2782.782934,-2782.782934,
0.000000,-2782.782934,-2782.782934,
0.000000,-2782.782934,-2782.782934,
0.000000,-2782.782934,-2782.782934,
0.000000,-2782.782934,-2782.782934,
0.000000,-2782.782934,-2782.782934,
0.000000,-2783.375703,-2783.375703,
0.000000,-2783.375703,-2783.375703,
0.000000,-2783.375703,-2783.375703,
0.000000,-2783.375703,-2783.375703,
0.000000,-2783.375703,-2783.375703,
0.000000,-2783.031578,-2783.031578,
0.000000,-2782.782123,-2782.782123,
0.000000,-2782.782123,-2782.782123,
0.000000,-2782.782123,-2782.782123,
0.000000,-2782.782123,-2782.782123,
0.000000,-2782.915027,-2782.915027,
0.000000,-2782.915027,-2782.915027,
0.000000,-2782.983326,-2782.983326,
0.000000,-2783.768226,-2783.768226,
0.000000,-2783.768226,-2783.768226,
0.000000,-2783.768226,-2783.768226,
0.000000,-2782.782032,-2782.782032,
0.000000,-2782.782032,-2782.782032,
0.000000,-2782.782032,-2782.782032,
0.000000,-2782.782032,-2782.782032,
0.000000,-2783.719887,-2783.719887,
0.000000,-2783.719887,-2783.719887,
0.000000,-2783.719887,-2783.719887,
0.000000,-2783.719887,-2783.719887,
0.000000,-2782.797422,-2782.797422,
0.000000,-2782.797422,-2782.797422,
0.000000,-2782.797422,-2782.797422,
0.000000,-2783.296861,-2783.296861,
0.000000,-2783.005773,-2783.005773,
0.000000,-2783.005773,-2783.005773,
0.000000,-2783.005773,-2783.005773,
0.000000,-2782.891843,-2782.891843,
0.000000,-2782.891843,-2782.891843,
0.000000,-2782.891843,-2782.891843,
0.000000,-2782.891843,-2782.891843,
0.000000,-2782.891843,-2782.891843,
0.000000,-2782.891843,-2782.891843,
0.000000,-2782.891843,-2782.891843,
0.000000,-2782.891843,-2782.891843,
0.000000,-2782.891843,-2782.891843,
0.000000,-2782.891843,-2782.891843,
0.000000,-2782.891843,-2782.891843,
0.000000,-2782.891843,-2782.891843,
0.000000,-2782.891843,-2782.891843,
0.000000,-2782.891843,-2782.891843,
0.000000,-2782.891843,-2782.891843,
0.000000,-2783.550736,-2783.550736,
0.000000,-2783.550736,-2783.550736,
0.000000,-2783.550736,-2783.550736,
0.000000,-2785.394451,-2785.394451,
0.000000,-2785.394451,-2785.394451,
0.000000,-2785.394451,-2785.394451,
0.000000,-2785.394451,-2785.394451,
0.000000,-2783.514176,-2783.514176,
0.000000,-2783.654130,-2783.654130,
0.000000,-2783.410139,-2783.410139,
0.000000,-2783.410139,-2783.410139,
0.000000,-2783.410139,-2783.410139,
0.000000,-2783.410139,-2783.410139,
0.000000,-2782.806479,-2782.806479,
0.000000,-2782.806479,-2782.806479,
0.000000,-2782.806479,-2782.806479,
0.000000,-2782.922948,-2782.922948,
0.000000,-2782.922948,-2782.922948,
0.000000,-2782.918735,-2782.918735,
0.000000,-2782.918735,-2782.918735,
0.000000,-2782.918735,-2782.918735,
0.000000,-2782.918735,-2782.918735,
0.000000,-2782.918735,-2782.918735,
0.000000,-2782.918735,-2782.918735,
0.000000,-2782.918735,-2782.918735,
0.000000,-2782.918735,-2782.918735,
0.000000,-2785.005563,-2785.005563,
0.000000,-2785.005563,-2785.005563,
0.000000,-2782.822984,-2782.822984,
0.000000,-2782.822984,-2782.822984,
0.000000,-2782.958036,-2782.958036,
0.000000,-2782.958036,-2782.958036,
0.000000,-2782.958036,-2782.958036,
0.000000,-2782.817822,-2782.817822,
0.000000,-2782.817822,-2782.817822,
0.000000,-2782.817822,-2782.817822,
0.000000,-2782.817822,-2782.817822,
0.000000,-2782.817822,-2782.817822,
0.000000,-2782.806261,-2782.806261,
0.000000,-2782.806261,-2782.806261,
0.000000,-2782.806261,-2782.806261,
0.000000,-2782.806261,-2782.806261,
0.000000,-2782.806261,-2782.806261,
0.000000,-2782.806261,-2782.806261,
0.000000,-2782.806261,-2782.806261,
0.000000,-2783.447571,-2783.447571,
0.000000,-2783.447571,-2783.447571,
0.000000,-2782.825235,-2782.825235,
0.000000,-2785.698919,-2785.698919,
0.000000,-2783.258710,-2783.258710,
0.000000,-2782.785039,-2782.785039,
0.000000,-2782.785039,-2782.785039,
0.000000,-2782.785039,-2782.785039,
0.000000,-2782.785039,-2782.785039,
0.000000,-2782.785039,-2782.785039,
0.000000,-2783.097973,-2783.097973,
0.000000,-2783.097973,-2783.097973,
0.000000,-2783.097973,-2783.097973,
0.000000,-2783.097973,-2783.097973,
0.000000,-2783.097973,-2783.097973,
0.000000,-2782.931969,-2782.931969,
0.000000,-2782.931969,-2782.931969,
0.000000,-2782.931969,-2782.931969,
0.000000,-2782.931969,-2782.931969,
0.000000,-2782.931969,-2782.931969,
0.000000,-2782.931969,-2782.931969,
0.000000,-2782.931969,-2782.931969,
0.000000,-2782.783202,-2782.783202,
0.000000,-2782.783202,-2782.783202,
0.000000,-2782.783202,-2782.783202,
0.000000,-2783.275409,-2783.275409,
0.000000,-2782.783496,-2782.783496,
0.000000,-2782.783496,-2782.783496,
0.000000,-2782.783496,-2782.783496,
0.000000,-2782.783496,-2782.783496,
0.000000,-2782.783496,-2782.783496,
0.000000,-2782.783496,-2782.783496,
0.000000,-2782.783496,-2782.783496,
0.000000,-2782.783496,-2782.783496,
0.000000,-2782.783496,-2782.783496,
0.000000,-2784.334761,-2784.334761,
0.000000,-2784.334761,-2784.334761,
0.000000,-2784.334761,-2784.334761,
0.000000,-2783.508900,-2783.508900,
0.000000,-2783.508900,-2783.508900,
0.000000,-2782.787032,-2782.787032,
0.000000,-2782.787032,-2782.787032,
0.000000,-2782.787032,-2782.787032,
0.000000,-2782.787032,-2782.787032,
0.000000,-2782.787032,-2782.787032,
0.000000,-2782.787032,-2782.787032,
0.000000,-2782.787032,-2782.787032,
0.000000,-2782.787032,-2782.787032,
0.000000,-2782.790675,-2782.790675,
0.000000,-2782.790675,-2782.790675,
0.000000,-2782.790675,-2782.790675,
0.000000,-2782.790675,-2782.790675,
0.000000,-2782.790675,-2782.790675,
0.000000,-2782.790675,-2782.790675,
0.000000,-2782.970016,-2782.970016,
0.000000,-2782.970016,-2782.970016,
0.000000,-2782.970016,-2782.970016,
0.000000,-2782.970016,-2782.970016,
0.000000,-2783.229791,-2783.229791,
0.000000,-2783.229791,-2783.229791,
0.000000,-2783.229791,-2783.229791,
0.000000,-2783.229791,-2783.229791,
0.000000,-2783.229791,-2783.229791,
0.000000,-2783.229791,-2783.229791,
0.000000,-2783.229791,-2783.229791,
0.000000,-2783.229791,-2783.229791,
0.000000,-2783.229791,-2783.229791,
0.000000,-2782.809267,-2782.809267,
0.000000,-2782.783358,-2782.783358,
0.000000,-2782.783358,-2782.783358,
0.000000,-2782.791212,-2782.791212,
0.000000,-2783.174132,-2783.174132,
0.000000,-2783.174132,-2783.174132,
0.000000,-2783.174132,-2783.174132,
0.000000,-2783.174003,-2783.174003,
0.000000,-2783.174003,-2783.174003,
0.000000,-2783.174003,-2783.174003,
0.000000,-2783.174003,-2783.174003,
0.000000,-2783.174003,-2783.174003,
0.000000,-2783.174003,-2783.174003,
0.000000,-2783.174003,-2783.174003,
0.000000,-2783.174003,-2783.174003,
0.000000,-2783.093955,-2783.093955,
0.000000,-2783.093955,-2783.093955,
0.000000,-2783.093955,-2783.093955,
0.000000,-2783.093955,-2783.093955,
0.000000,-2783.093955,-2783.093955,
0.000000,-2783.093955,-2783.093955,
0.000000,-2783.093955,-2783.093955,
0.000000,-2782.875599,-2782.875599,
0.000000,-2782.875599,-2782.875599,
0.000000,-2782.875599,-2782.875599,
0.000000,-2782.875599,-2782.875599,
0.000000,-2783.176148,-2783.176148,
0.000000,-2783.176148,-2783.176148,
0.000000,-2782.843437,-2782.843437,
0.000000,-2782.843437,-2782.843437,
0.000000,-2783.046962,-2783.046962,
0.000000,-2783.046962,-2783.046962,
0.000000,-2783.046962,-2783.046962,
0.000000,-2783.046962,-2783.046962,
0.000000,-2783.046962,-2783.046962,
0.000000,-2782.886013,-2782.886013,
0.000000,-2782.886013,-2782.886013,
0.000000,-2782.886013,-2782.886013,
0.000000,-2782.886013,-2782.886013,
0.000000,-2782.886013,-2782.886013,
0.000000,-2782.886013,-2782.886013,
0.000000,-2782.886013,-2782.886013,
0.000000,-2782.907761,-2782.907761,
0.000000,-2782.907761,-2782.907761,
0.000000,-2782.907761,-2782.907761,
0.000000,-2782.907761,-2782.907761,
0.000000,-2782.907761,-2782.907761,
0.000000,-2782.884037,-2782.884037,
0.000000,-2782.884037,-2782.884037,
0.000000,-2782.952184,-2782.952184,
0.000000,-2782.952184,-2782.952184,
0.000000,-2782.952184,-2782.952184,
0.000000,-2782.952184,-2782.952184,
0.000000,-2782.952184,-2782.952184,
0.000000,-2782.952184,-2782.952184,
0.000000,-2782.952184,-2782.952184,
0.000000,-2782.952184,-2782.952184,
0.000000,-2782.952184,-2782.952184,
0.000000,-2782.901722,-2782.901722,
0.000000,-2782.901722,-2782.901722,
0.000000,-2782.901722,-2782.901722,
0.000000,-2783.040434,-2783.040434,
0.000000,-2783.040434,-2783.040434,
0.000000,-2784.069702,-2784.069702,
0.000000,-2784.069702,-2784.069702,
0.000000,-2782.808308,-2782.808308,
0.000000,-2782.808308,-2782.808308,
0.000000,-2782.808308,-2782.808308,
0.000000,-2782.808308,-2782.808308,
0.000000,-2782.808308,-2782.808308,
0.000000,-2782.808308,-2782.808308,
0.000000,-2782.808308,-2782.808308,
0.000000,-2782.808308,-2782.808308,
0.000000,-2782.808308,-2782.808308,
0.000000,-2783.403322,-2783.403322,
0.000000,-2783.403322,-2783.403322,
0.000000,-2783.971485,-2783.971485,
0.000000,-2783.971485,-2783.971485,
0.000000,-2783.971485,-2783.971485,
0.000000,-2782.894966,-2782.894966,
0.000000,-2782.894966,-2782.894966,
0.000000,-2782.894966,-2782.894966,
0.000000,-2782.894966,-2782.894966,
0.000000,-2782.894966,-2782.894966,
0.000000,-2782.894966,-2782.894966,
0.000000,-2782.894966,-2782.894966,
0.000000,-2782.931411,-2782.931411,
0.000000,-2782.931411,-2782.931411,
0.000000,-2782.931411,-2782.931411,
0.000000,-2782.858345,-2782.858345,
0.000000,-2782.858345,-2782.858345,
0.000000,-2784.105570,-2784.105570,
0.000000,-2784.105570,-2784.105570,
0.000000,-2784.105570,-2784.105570,
0.000000,-2784.105570,-2784.105570,
0.000000,-2784.105570,-2784.105570,
0.000000,-2782.808201,-2782.808201,
0.000000,-2782.808201,-2782.808201,
0.000000,-2782.808201,-2782.808201,
0.000000,-2782.808201,-2782.808201,
0.000000,-2782.808201,-2782.808201,
0.000000,-2782.808201,-2782.808201,
0.000000,-2782.808201,-2782.808201,
0.000000,-2782.809551,-2782.809551,
0.000000,-2782.809551,-2782.809551,
0.000000,-2782.809551,-2782.809551,
0.000000,-2782.809551,-2782.809551,
0.000000,-2782.786450,-2782.786450,
0.000000,-2782.786450,-2782.786450,
0.000000,-2783.333456,-2783.333456,
0.000000,-2783.333456,-2783.333456,
0.000000,-2783.333456,-2783.333456,
0.000000,-2783.333456,-2783.333456,
0.000000,-2782.912986,-2782.912986,
0.000000,-2783.017898,-2783.017898,
0.000000,-2783.017898,-2783.017898,
0.000000,-2783.017898,-2783.017898,
0.000000,-2783.017898,-2783.017898,
0.000000,-2783.017898,-2783.017898,
0.000000,-2783.017898,-2783.017898,
0.000000,-2783.017898,-2783.017898,
0.000000,-2783.017898,-2783.017898,
0.000000,-2783.938587,-2783.938587,
0.000000,-2783.938587,-2783.938587,
0.000000,-2783.938587,-2783.938587,
0.000000,-2782.795573,-2782.795573,
0.000000,-2783.986913,-2783.986913,
0.000000,-2783.986913,-2783.986913,
0.000000,-2783.986913,-2783.986913,
0.000000,-2785.124516,-2785.124516,
0.000000,-2785.124516,-2785.124516,
0.000000,-2785.124516,-2785.124516,
0.000000,-2783.131342,-2783.131342,
0.000000,-2783.131342,-2783.131342,
0.000000,-2783.131342,-2783.131342,
0.000000,-2783.029015,-2783.029015,
0.000000,-2783.029015,-2783.029015,
0.000000,-2782.842716,-2782.842716,
0.000000,-2782.842716,-2782.842716,
0.000000,-2783.857686,-2783.857686,
0.000000,-2782.789867,-2782.789867,
0.000000,-2782.789867,-2782.789867,
0.000000,-2782.789867,-2782.789867,
0.000000,-2782.789867,-2782.789867,
0.000000,-2782.789867,-2782.789867,
0.000000,-2782.789867,-2782.789867,
0.000000,-2783.111998,-2783.111998,
0.000000,-2783.162477,-2783.162477,
0.000000,-2783.162477,-2783.162477,
0.000000,-2783.162477,-2783.162477,
0.000000,-2783.162477,-2783.162477,
0.000000,-2783.162477,-2783.162477,
0.000000,-2783.052945,-2783.052945,
0.000000,-2783.052945,-2783.052945,
0.000000,-2783.052945,-2783.052945,
0.000000,-2783.052945,-2783.052945,
0.000000,-2783.052945,-2783.052945,
0.000000,-2783.052945,-2783.052945,
0.000000,-2783.052945,-2783.052945,
0.000000,-2783.052945,-2783.052945,
0.000000,-2783.052945,-2783.052945,
0.000000,-2783.940852,-2783.940852,
0.000000,-2783.940852,-2783.940852,
0.000000,-2782.948548,-2782.948548,
0.000000,-2782.835422,-2782.835422,
0.000000,-2782.835422,-2782.835422,
0.000000,-2782.835422,-2782.835422,
0.000000,-2782.835422,-2782.835422,
0.000000,-2782.835422,-2782.835422,
0.000000,-2782.835422,-2782.835422,
0.000000,-2782.835422,-2782.835422,
0.000000,-2782.835422,-2782.835422,
0.000000,-2782.835422,-2782.835422,
0.000000,-2782.835422,-2782.835422,
0.000000,-2782.902389,-2782.902389,
0.000000,-2782.902389,-2782.902389,
0.000000,-2782.902389,-2782.902389,
0.000000,-2782.902389,-2782.902389,
0.000000,-2782.902389,-2782.902389,
0.000000,-2784.006426,-2784.006426,
0.000000,-2786.278986,-2786.278986,
0.000000,-2782.849605,-2782.849605,
0.000000,-2782.849605,-2782.849605,
0.000000,-2782.813482,-2782.813482,
0.000000,-2782.813482,-2782.813482,
0.000000,-2782.813482,-2782.813482,
0.000000,-2782.813482,-2782.813482,
0.000000,-2782.813482,-2782.813482,
0.000000,-2782.813482,-2782.813482,
0.000000,-2782.784295,-2782.784295,
0.000000,-2782.784295,-2782.784295,
0.000000,-2782.784295,-2782.784295,
0.000000,-2782.784295,-2782.784295,
0.000000,-2782.784295,-2782.784295,
0.000000,-2782.784295,-2782.784295,
0.000000,-2783.205422,-2783.205422,
0.000000,-2782.808114,-2782.808114,
0.000000,-2782.808114,-2782.808114,
0.000000,-2782.808114,-2782.808114,
0.000000,-2782.808114,-2782.808114,
0.000000,-2782.808114,-2782.808114,
0.000000,-2782.808114,-2782.808114,
0.000000,-2782.808114,-2782.808114,
0.000000,-2782.786727,-2782.786727,
0.000000,-2782.786727,-2782.786727,
0.000000,-2782.786727,-2782.786727,
0.000000,-2782.786727,-2782.786727,
0.000000,-2782.786727,-2782.786727,
0.000000,-2782.786727,-2782.786727,
0.000000,-2782.851882,-2782.851882,
0.000000,-2784.478541,-2784.478541,
0.000000,-2784.478541,-2784.478541,
0.000000,-2784.478541,-2784.478541,
0.000000,-2784.478541,-2784.478541,
0.000000,-2783.392896,-2783.392896,
0.000000,-2783.392896,-2783.392896,
0.000000,-2782.942345,-2782.942345,
0.000000,-2782.942345,-2782.942345,
0.000000,-2782.942345,-2782.942345,
0.000000,-2782.942345,-2782.942345,
0.000000,-2782.942345,-2782.942345,
0.000000,-2782.942345,-2782.942345,
0.000000,-2782.942345,-2782.942345,
0.000000,-2782.942345,-2782.942345,
0.000000,-2782.942345,-2782.942345,
0.000000,-2784.019168,-2784.019168,
0.000000,-2782.869047,-2782.869047,
0.000000,-2782.869047,-2782.869047,
0.000000,-2782.869047,-2782.869047,
0.000000,-2782.869047,-2782.869047,
0.000000,-2782.827771,-2782.827771,
0.000000,-2782.827771,-2782.827771,
0.000000,-2782.827771,-2782.827771,
0.000000,-2782.827771,-2782.827771,
0.000000,-2782.804765,-2782.804765,
0.000000,-2782.804765,-2782.804765,
0.000000,-2782.804765,-2782.804765,
0.000000,-2782.804765,-2782.804765,
0.000000,-2782.804765,-2782.804765,
0.000000,-2782.804765,-2782.804765,
0.000000,-2782.804765,-2782.804765,
0.000000,-2783.397941,-2783.397941,
0.000000,-2783.397941,-2783.397941,
0.000000,-2783.461848,-2783.461848,
0.000000,-2783.461848,-2783.461848,
0.000000,-2783.461848,-2783.461848,
0.000000,-2783.461848,-2783.461848,
0.000000,-2783.461848,-2783.461848,
0.000000,-2782.897544,-2782.897544,
0.000000,-2782.897544,-2782.897544,
0.000000,-2782.897544,-2782.897544,
0.000000,-2782.897544,-2782.897544,
0.000000,-2782.897544,-2782.897544,
0.000000,-2782.897544,-2782.897544,
0.000000,-2782.897544,-2782.897544,
0.000000,-2782.897544,-2782.897544,
0.000000,-2782.897544,-2782.897544,
0.000000,-2782.897544,-2782.897544,
0.000000,-2782.881182,-2782.881182,
0.000000,-2782.881182,-2782.881182,
0.000000,-2782.881182,-2782.881182,
0.000000,-2782.796919,-2782.796919,
0.000000,-2782.796919,-2782.796919,
0.000000,-2782.796919,-2782.796919,
0.000000,-2782.796919,-2782.796919,
0.000000,-2783.607939,-2783.607939,
0.000000,-2783.607939,-2783.607939,
0.000000,-2783.607939,-2783.607939,
0.000000,-2783.337308,-2783.337308,
0.000000,-2783.337308,-2783.337308,
