64432.113365, 
64432.113365, 
64027.353277, 
63451.880054, 
63451.880054, 
63159.094261, 
63159.094261, 
60821.397175, 
60821.397175, 
60821.397175, 
60821.397175, 
60821.397175, 
60821.397175, 
58038.686394, 
56887.086823, 
56887.086823, 
56233.605775, 
55828.323731, 
55828.323731, 
55828.323731, 
55412.161595, 
55412.161595, 
55412.161595, 
54013.966315, 
54013.966315, 
52201.221875, 
51947.689256, 
51947.689256, 
51947.689256, 
51947.689256, 
51851.473238, 
50374.817611, 
50374.817611, 
50153.463988, 
49665.634659, 
49665.634659, 
48465.895685, 
48465.895685, 
48135.150271, 
47781.392056, 
47559.852983, 
46869.408103, 
46869.408103, 
46285.111179, 
46285.111179, 
46094.047353, 
45794.724912, 
45701.026985, 
44721.383063, 
44721.383063, 
44721.383063, 
42077.026600, 
39820.246113, 
39820.246113, 
39820.246113, 
39820.246113, 
39820.246113, 
39820.246113, 
39820.246113, 
39325.752826, 
39325.752826, 
39325.752826, 
38488.839325, 
38488.839325, 
36577.008144, 
35350.685113, 
35350.685113, 
34663.611973, 
33580.957715, 
33550.551232, 
33550.551232, 
33550.551232, 
33550.551232, 
33201.934072, 
32995.949877, 
32995.949877, 
32508.474328, 
31834.486633, 
30831.465997, 
30831.465997, 
30294.717866, 
30294.717866, 
29841.706884, 
29691.036148, 
29691.036148, 
29280.590342, 
29280.590342, 
28862.875331, 
28862.875331, 
28862.875331, 
28862.875331, 
28862.875331, 
28862.875331, 
28862.875331, 
28460.396205, 
28460.396205, 
28318.800674, 
28318.800674, 
28318.800674, 
28318.800674, 
28318.800674, 
28318.800674, 
28318.800674, 
28100.390262, 
26840.283688, 
26840.283688, 
25845.974205, 
24919.645243, 
24116.678135, 
24116.678135, 
24116.678135, 
24116.678135, 
24116.678135, 
23973.442095, 
23607.853632, 
23522.460652, 
23522.460652, 
23522.460652, 
22867.400166, 
22867.400166, 
22867.400166, 
22867.400166, 
22867.400166, 
22867.400166, 
22867.400166, 
22867.400166, 
22019.903192, 
22019.903192, 
21905.820449, 
21237.454268, 
20521.738668, 
20379.894561, 
20379.894561, 
20084.092167, 
20084.092167, 
19677.377029, 
18982.725606, 
18653.221887, 
18485.015484, 
18485.015484, 
18485.015484, 
18485.015484, 
18485.015484, 
18485.015484, 
18471.669888, 
18471.669888, 
18453.516789, 
18453.516789, 
18239.677618, 
18239.677618, 
17710.772857, 
16707.979032, 
16349.109930, 
16349.109930, 
16198.676964, 
16198.676964, 
16198.676964, 
16198.676964, 
16198.676964, 
16198.676964, 
14984.414878, 
14984.414878, 
14984.414878, 
14859.009903, 
14062.457527, 
14062.457527, 
13987.816693, 
13987.816693, 
13987.816693, 
13987.816693, 
13987.816693, 
13367.138823, 
13367.138823, 
12616.540741, 
12548.554077, 
12421.187526, 
12421.187526, 
12421.187526, 
11521.845552, 
11521.845552, 
11078.242063, 
10899.985626, 
10716.407666, 
10716.407666, 
10267.393475, 
9936.606175, 
9640.127895, 
9640.127895, 
9310.336007, 
9147.436433, 
8862.074061, 
8794.219619, 
8351.972367, 
8351.972367, 
8351.972367, 
8156.319522, 
8156.319522, 
8156.319522, 
8055.288354, 
8055.288354, 
7989.239405, 
7989.239405, 
7408.374118, 
6998.787372, 
6502.001260, 
6466.867879, 
6466.867879, 
6404.048886, 
6218.108102, 
6158.857952, 
6158.857952, 
6158.857952, 
6158.857952, 
6046.549637, 
5952.464469, 
5952.464469, 
5952.464469, 
5952.464469, 
5817.835695, 
5817.835695, 
5810.876265, 
5736.347308, 
5730.021607, 
5707.388240, 
5636.498712, 
5636.498712, 
5636.498712, 
5636.498712, 
5636.498712, 
5595.878848, 
5579.009470, 
5579.009470, 
5575.229811, 
5575.229811, 
5569.353823, 
5575.663772, 
5573.938843, 
5573.938843, 
5568.604788, 
5568.604788, 
5573.421909, 
5573.821009, 
5573.821009, 
5575.341972, 
5568.465272, 
5568.465272, 
5568.465272, 
5568.465272, 
5567.569051, 
5567.945997, 
5568.159490, 
5568.159490, 
5571.166273, 
5568.852827, 
5568.852827, 
5568.518106, 
5568.518106, 
5572.657515, 
5567.565563, 
5567.565563, 
5567.565563, 
5567.565563, 
5567.565563, 
5567.565563, 
5569.177226, 
5567.607971, 
5569.734973, 
5569.734973, 
5569.734973, 
5567.834668, 
5567.721501, 
5567.721501, 
5567.721501, 
5567.721501, 
5567.721501, 
5567.569805, 
5567.569805, 
5567.569805, 
5567.569805, 
5567.955626, 
5567.955626, 
5567.906688, 
5567.906688, 
5567.906688, 
5567.906688, 
5568.345155, 
5569.627047, 
5567.895163, 
5567.895163, 
5567.895163, 
5567.895163, 
5571.810283, 
5568.854534, 
5568.635515, 
5568.635515, 
5568.635515, 
5568.805800, 
5568.805800, 
5570.708053, 
5567.967844, 
5567.967844, 
5567.967844, 
5567.967844, 
5567.967844, 
5567.967844, 
5567.967844, 
5567.967844, 
5567.967844, 
5567.967844, 
5567.967844, 
5567.967844, 
5567.657229, 
5567.657229, 
5567.657229, 
5567.657229, 
5567.657229, 
5567.657229, 
5567.578153, 
5567.578153, 
5567.578153, 
5567.578153, 
5567.578153, 
5567.578153, 
5567.578153, 
5567.578153, 
5567.578153, 
5567.578153, 
5567.578153, 
5567.578153, 
5567.578153, 
5567.739442, 
5567.739442, 
5567.739442, 
5567.739442, 
5567.739442, 
5567.739442, 
5567.739442, 
5567.739442, 
5567.739442, 
5567.739442, 
5567.739442, 
5567.739442, 
5567.739442, 
5568.679035, 
5568.679035, 
5568.679035, 
5568.232985, 
5568.232985, 
5568.232985, 
5568.232985, 
5568.232985, 
5573.107426, 
5568.280644, 
5568.280644, 
5567.739758, 
5567.604934, 
5567.604934, 
5567.604934, 
5567.604934, 
5569.927398, 
5568.436356, 
5568.436356, 
5567.883219, 
5567.883219, 
5567.883219, 
5567.883219, 
5568.087896, 
5568.087896, 
5568.087896, 
5568.087896, 
5568.001577, 
5569.887008, 
5569.887008, 
5569.887008, 
5569.887008, 
5569.887008, 
5569.887008, 
5568.500019, 
5568.500019, 
5568.500019, 
5568.500019, 
5568.500019, 
5567.610623, 
5567.610623, 
5567.610623, 
5567.610623, 
5567.610623, 
5567.570358, 
5567.570358, 
5568.769578, 
5568.769578, 
5568.769578, 
5567.762207, 
5569.288612, 
5569.288612, 
5569.288612, 
5569.288612, 
5567.621100, 
5567.621100, 
5567.621100, 
5567.621100, 
5567.621100, 
5567.621100, 
5567.621100, 
5567.621100, 
5567.621100, 
5567.621100, 
5567.621100, 
5570.249029, 
5569.239671, 
5569.239671, 
5569.239671, 
5569.239671, 
5569.239671, 
5569.203411, 
5569.203411, 
5568.089883, 
5568.089883, 
5568.089883, 
5568.089883, 
5568.089883, 
5568.089883, 
5568.089883, 
5568.089883, 
5568.089883, 
5568.089883, 
5567.804583, 
5567.579766, 
5567.579766, 
5567.579766, 
5567.579766, 
5567.579766, 
5567.579766, 
5567.579766, 
5567.579766, 
5567.579766, 
5567.579766, 
5567.579766, 
5567.579766, 
5567.579766, 
5571.218081, 
5569.191518, 
5569.191518, 
5569.191518, 
5569.191518, 
5569.191518, 
5567.961795, 
5567.638846, 
5567.638846, 
5567.638846, 
5567.638846, 
5567.833418, 
5567.833418, 
5567.807484, 
5567.807484, 
5567.565446, 
5567.565446, 
5567.565446, 
5567.565446, 
5567.812433, 
5567.812433, 
5569.900631, 
5567.878002, 
5567.878002, 
5567.878002, 
5567.878002, 
5567.878002, 
5567.878002, 
5567.878002, 
5567.878002, 
5567.878002, 
5567.878002, 
5567.878002, 
5569.014448, 
5568.368120, 
5567.883738, 
5567.883738, 
5567.883738, 
5567.883738, 
5567.567443, 
5567.567443, 
5567.567443, 
5567.567443, 
5567.567443, 
5567.610122, 
5567.610122, 
5567.610122, 
5567.610122, 
5567.610122, 
5567.824835, 
5567.824835, 
5567.824835, 
5567.824835, 
5567.824835, 
5567.824835, 
5567.824835, 
5567.824835, 
5567.786909, 
5569.391764, 
5569.391764, 
5569.391764, 
5568.458209, 
5568.771714, 
5568.771714, 
5568.771714, 
5568.771714, 
5568.771714, 
5568.771714, 
5569.094773, 
5569.094773, 
5568.042627, 
5569.980648, 
5575.438088, 
5567.565281, 
5568.538782, 
5568.538782, 
5568.538782, 
5568.538782, 
5568.538782, 
5568.538782, 
5567.728065, 
5567.728065, 
5568.296716, 
5568.296716, 
5568.296716, 
5568.296716, 
5568.296716, 
5568.296716, 
5568.296716, 
5568.296716, 
5568.296716, 
5569.346105, 
5569.346105, 
5567.567103, 
5567.567103, 
5567.567103, 
5567.991723, 
5567.991723, 
5567.991723, 
5567.991723, 
5567.991723, 
5567.991723, 
5567.991723, 
5570.762246, 
5568.328661, 
5568.328661, 
5568.328661, 
5568.328661, 
5567.711618, 
5568.164319, 
5568.164319, 
5568.164319, 
5568.164319, 
5567.568132, 
5567.568132, 
5567.568132, 
5567.568132, 
5567.568132, 
5567.705171, 
5567.705171, 
5567.629049, 
5567.629049, 
5567.629049, 
5567.629049, 
5567.565867, 
5567.565867, 
5567.565867, 
5567.565867, 
5567.565867, 
5567.565867, 
5567.565867, 
5567.565867, 
5568.751406, 
5568.751406, 
5568.751406, 
5568.751406, 
5568.751406, 
5568.063156, 
5567.564247, 
5567.564247, 
5567.564247, 
5567.564247, 
5567.830053, 
5567.830053, 
5567.966652, 
5569.536453, 
5569.536453, 
5569.536453, 
5567.564063, 
5567.564063, 
5567.564063, 
5567.564063, 
5569.439775, 
5569.439775, 
5569.439775, 
5569.439775, 
5567.594843, 
5567.594843, 
5567.594843, 
5568.593722, 
5568.011546, 
5568.011546, 
5568.011546, 
5567.783686, 
5567.783686, 
5567.783686, 
5567.783686, 
5567.783686, 
5567.783686, 
5567.783686, 
5567.783686, 
5567.783686, 
5567.783686, 
5567.783686, 
5567.783686, 
5567.783686, 
5567.783686, 
5567.783686, 
5569.101473, 
5569.101473, 
5569.101473, 
5572.788903, 
5572.788903, 
5572.788903, 
5572.788903, 
5569.028352, 
5569.308260, 
5568.820277, 
5568.820277, 
5568.820277, 
5568.820277, 
5567.612959, 
5567.612959, 
5567.612959, 
5567.845897, 
5567.845897, 
5567.837471, 
5567.837471, 
5567.837471, 
5567.837471, 
5567.837471, 
5567.837471, 
5567.837471, 
5567.837471, 
5572.011125, 
5572.011125, 
5567.645967, 
5567.645967, 
5567.916071, 
5567.916071, 
5567.916071, 
5567.635643, 
5567.635643, 
5567.635643, 
5567.635643, 
5567.635643, 
5567.612521, 
5567.612521, 
5567.612521, 
5567.612521, 
5567.612521, 
5567.612521, 
5567.612521, 
5568.895142, 
5568.895142, 
5567.650470, 
5573.397837, 
5568.517419, 
5567.570078, 
5567.570078, 
5567.570078, 
5567.570078, 
5567.570078, 
5568.195947, 
5568.195947, 
5568.195947, 
5568.195947, 
5568.195947, 
5567.863937, 
5567.863937, 
5567.863937, 
5567.863937, 
5567.863937, 
5567.863937, 
5567.863937, 
5567.566404, 
5567.566404, 
5567.566404, 
5568.550818, 
5567.566992, 
5567.566992, 
5567.566992, 
5567.566992, 
5567.566992, 
5567.566992, 
5567.566992, 
5567.566992, 
5567.566992, 
5570.669521, 
5570.669521, 
5570.669521, 
5569.017799, 
5569.017799, 
5567.574064, 
5567.574064, 
5567.574064, 
5567.574064, 
5567.574064, 
5567.574064, 
5567.574064, 
5567.574064, 
5567.581350, 
5567.581350, 
5567.581350, 
5567.581350, 
5567.581350, 
5567.581350, 
5567.940032, 
5567.940032, 
5567.940032, 
5567.940032, 
5568.459582, 
5568.459582, 
5568.459582, 
5568.459582, 
5568.459582, 
5568.459582, 
5568.459582, 
5568.459582, 
5568.459582, 
5567.618534, 
5567.566715, 
5567.566715, 
5567.582425, 
5568.348264, 
5568.348264, 
5568.348264, 
5568.348007, 
5568.348007, 
5568.348007, 
5568.348007, 
5568.348007, 
5568.348007, 
5568.348007, 
5568.348007, 
5568.187909, 
5568.187909, 
5568.187909, 
5568.187909, 
5568.187909, 
5568.187909, 
5568.187909, 
5567.751197, 
5567.751197, 
5567.751197, 
5567.751197, 
5568.352297, 
5568.352297, 
5567.686874, 
5567.686874, 
5568.093923, 
5568.093923, 
5568.093923, 
5568.093923, 
5568.093923, 
5567.772025, 
5567.772025, 
5567.772025, 
5567.772025, 
5567.772025, 
5567.772025, 
5567.772025, 
5567.815522, 
5567.815522, 
5567.815522, 
5567.815522, 
5567.815522, 
5567.768075, 
5567.768075, 
5567.904368, 
5567.904368, 
5567.904368, 
5567.904368, 
5567.904368, 
5567.904368, 
5567.904368, 
5567.904368, 
5567.904368, 
5567.803444, 
5567.803444, 
5567.803444, 
5568.080869, 
5568.080869, 
5570.139405, 
5570.139405, 
5567.616616, 
5567.616616, 
5567.616616, 
5567.616616, 
5567.616616, 
5567.616616, 
5567.616616, 
5567.616616, 
5567.616616, 
5568.806644, 
5568.806644, 
5569.942970, 
5569.942970, 
5569.942970, 
5567.789933, 
5567.789933, 
5567.789933, 
5567.789933, 
5567.789933, 
5567.789933, 
5567.789933, 
5567.862823, 
5567.862823, 
5567.862823, 
5567.716689, 
5567.716689, 
5570.211139, 
5570.211139, 
5570.211139, 
5570.211139, 
5570.211139, 
5567.616402, 
5567.616402, 
5567.616402, 
5567.616402, 
5567.616402, 
5567.616402, 
5567.616402, 
5567.619102, 
5567.619102, 
5567.619102, 
5567.619102, 
5567.572899, 
5567.572899, 
5568.666912, 
5568.666912, 
5568.666912, 
5568.666912, 
5567.825973, 
5568.035795, 
5568.035795, 
5568.035795, 
5568.035795, 
5568.035795, 
5568.035795, 
5568.035795, 
5568.035795, 
5569.877173, 
5569.877173, 
5569.877173, 
5567.591145, 
5569.973825, 
5569.973825, 
5569.973825, 
5572.249031, 
5572.249031, 
5572.249031, 
5568.262684, 
5568.262684, 
5568.262684, 
5568.058030, 
5568.058030, 
5567.685432, 
5567.685432, 
5569.715371, 
5567.579734, 
5567.579734, 
5567.579734, 
5567.579734, 
5567.579734, 
5567.579734, 
5568.223997, 
5568.324953, 
5568.324953, 
5568.324953, 
5568.324953, 
5568.324953, 
5568.105890, 
5568.105890, 
5568.105890, 
5568.105890, 
5568.105890, 
5568.105890, 
5568.105890, 
5568.105890, 
5568.105890, 
5569.881704, 
5569.881704, 
5567.897095, 
5567.670843, 
5567.670843, 
5567.670843, 
5567.670843, 
5567.670843, 
5567.670843, 
5567.670843, 
5567.670843, 
5567.670843, 
5567.670843, 
5567.804778, 
5567.804778, 
5567.804778, 
5567.804778, 
5567.804778, 
5570.012852, 
5574.557971, 
5567.699211, 
5567.699211, 
5567.626963, 
5567.626963, 
5567.626963, 
5567.626963, 
5567.626963, 
5567.626963, 
5567.568591, 
5567.568591, 
5567.568591, 
5567.568591, 
5567.568591, 
5567.568591, 
5568.410845, 
5567.616228, 
5567.616228, 
5567.616228, 
5567.616228, 
5567.616228, 
5567.616228, 
5567.616228, 
5567.573454, 
5567.573454, 
5567.573454, 
5567.573454, 
5567.573454, 
5567.573454, 
5567.703763, 
5570.957083, 
5570.957083, 
5570.957083, 
5570.957083, 
5568.785791, 
5568.785791, 
5567.884690, 
5567.884690, 
5567.884690, 
5567.884690, 
5567.884690, 
5567.884690, 
5567.884690, 
5567.884690, 
5567.884690, 
5570.038335, 
5567.738094, 
5567.738094, 
5567.738094, 
5567.738094, 
5567.655542, 
5567.655542, 
5567.655542, 
5567.655542, 
5567.609530, 
5567.609530, 
5567.609530, 
5567.609530, 
5567.609530, 
5567.609530, 
5567.609530, 
5568.795882, 
5568.795882, 
5568.923696, 
5568.923696, 
5568.923696, 
5568.923696, 
5568.923696, 
5567.795087, 
5567.795087, 
5567.795087, 
5567.795087, 
5567.795087, 
5567.795087, 
5567.795087, 
5567.795087, 
5567.795087, 
5567.795087, 
5567.762363, 
5567.762363, 
5567.762363, 
5567.593837, 
5567.593837, 
5567.593837, 
5567.593837, 
5569.215878, 
5569.215878, 
5569.215878, 
5568.674617, 
5568.674617, 
