-13.312279,-24123.249018,-24109.936739,
-13.311533,-24091.615977,-24078.304444,
-13.311533,-24091.615977,-24078.304444,
-13.311533,-24091.615977,-24078.304444,
-13.311533,-24091.615977,-24078.304444,
-13.311533,-24091.615977,-24078.304444,
-13.311533,-24091.615977,-24078.304444,
-13.311533,-24091.615977,-24078.304444,
-13.311533,-24091.615977,-24078.304444,
-13.299445,-23955.104782,-23941.805337,
-13.299445,-23955.104782,-23941.805337,
-13.299445,-23955.104782,-23941.805337,
-13.299445,-23955.104782,-23941.805337,
-13.299445,-23955.104782,-23941.805337,
-13.613921,-20800.639574,-20787.025653,
-13.613921,-20800.639574,-20787.025653,
-13.613921,-20800.639574,-20787.025653,
-13.613921,-20800.639574,-20787.025653,
-13.613921,-20800.639574,-20787.025653,
-14.437678,-15492.197613,-15477.759935,
-14.437678,-15492.197613,-15477.759935,
-14.421566,-15470.865392,-15456.443826,
-14.421566,-15470.865392,-15456.443826,
-14.421566,-15470.865392,-15456.443826,
-14.421566,-15470.865392,-15456.443826,
-14.421566,-15470.865392,-15456.443826,
-13.194765,-14008.042776,-13994.848010,
-13.194765,-14008.042776,-13994.848010,
-13.194765,-14008.042776,-13994.848010,
-13.194765,-14008.042776,-13994.848010,
-13.194765,-14008.042776,-13994.848010,
-13.194765,-14008.042776,-13994.848010,
-13.194765,-14008.042776,-13994.848010,
-13.194765,-14008.042776,-13994.848010,
-13.194765,-14008.042776,-13994.848010,
-13.194765,-14008.042776,-13994.848010,
-13.194765,-14008.042776,-13994.848010,
-13.194765,-14008.042776,-13994.848010,
-13.194765,-14008.042776,-13994.848010,
-13.194765,-14008.042776,-13994.848010,
-13.194765,-14008.042776,-13994.848010,
-13.194765,-14008.042776,-13994.848010,
-13.194765,-14008.042776,-13994.848010,
-13.194765,-14008.042776,-13994.848010,
-13.194765,-14008.042776,-13994.848010,
-13.194765,-14008.042776,-13994.848010,
-13.123022,-11037.074603,-11023.951580,
-13.123022,-11037.074603,-11023.951580,
-13.120578,-10917.746913,-10904.626335,
-13.098640,-10378.042676,-10364.944036,
-13.091577,-9959.207442,-9946.115864,
-13.091577,-9959.207442,-9946.115864,
-12.998668,-6896.117392,-6883.118724,
-12.998668,-6896.117392,-6883.118724,
-12.998668,-6896.117392,-6883.118724,
-12.998668,-6896.117392,-6883.118724,
-12.998668,-6896.117392,-6883.118724,
-12.998668,-6896.117392,-6883.118724,
-13.047688,-6411.831469,-6398.783781,
-13.052167,-6102.151206,-6089.099038,
-12.994523,-6060.286363,-6047.291840,
-13.006658,-5837.708656,-5824.701998,
-13.001580,-5768.837346,-5755.835766,
-12.997783,-5157.662551,-5144.664768,
-12.979764,-4607.827948,-4594.848184,
-12.988791,-4476.451497,-4463.462706,
-12.978150,-4387.494937,-4374.516788,
-12.978150,-4387.494937,-4374.516788,
-12.965214,-4299.712630,-4286.747415,
-12.970068,-4207.774302,-4194.804234,
-12.993551,-3728.732309,-3715.738758,
-12.993551,-3728.732309,-3715.738758,
-12.994566,-3545.254808,-3532.260242,
-12.994566,-3545.254808,-3532.260242,
-12.994566,-3545.254808,-3532.260242,
-12.998460,-3194.655325,-3181.656866,
-12.998460,-3194.655325,-3181.656866,
-13.004207,-3153.389043,-3140.384836,
-12.997043,-2997.153780,-2984.156737,
-13.008052,-2932.202100,-2919.194048,
-13.019092,-2922.128120,-2909.109028,
-13.004811,-2905.892658,-2892.887847,
-13.003619,-2835.346873,-2822.343254,
-13.018737,-2821.199417,-2808.180680,
-13.022080,-2816.250728,-2803.228647,
-13.017906,-2732.069012,-2719.051106,
-13.001754,-2590.678226,-2577.676472,
-13.004610,-2542.142001,-2529.137391,
-13.004610,-2542.142001,-2529.137391,
-13.005039,-2473.792107,-2460.787068,
-12.997043,-2345.883920,-2332.886877,
-12.997043,-2345.883920,-2332.886877,
-12.997349,-2217.630594,-2204.633244,
-13.002619,-1968.001335,-1954.998716,
-13.002274,-1956.808237,-1943.805964,
-13.009170,-1790.746019,-1777.736849,
-13.009170,-1790.746019,-1777.736849,
-13.017094,-1758.185051,-1745.167957,
-13.020251,-1727.092863,-1714.072612,
-13.020251,-1727.092863,-1714.072612,
-13.020251,-1727.092863,-1714.072612,
-13.020251,-1727.092863,-1714.072612,
-13.020251,-1727.092863,-1714.072612,
-13.028610,-1668.853348,-1655.824738,
-13.036826,-1657.593618,-1644.556792,
-13.040080,-1656.318346,-1643.278266,
-13.032420,-1646.232075,-1633.199654,
-13.032420,-1646.232075,-1633.199654,
-13.040516,-1556.464535,-1543.424020,
-13.037970,-1555.676446,-1542.638475,
-13.037970,-1555.676446,-1542.638475,
-13.035861,-1542.677150,-1529.641289,
-13.034145,-1529.796256,-1516.762111,
-13.034145,-1529.796256,-1516.762111,
-13.034145,-1529.796256,-1516.762111,
-13.034145,-1529.796256,-1516.762111,
-13.035035,-1522.086047,-1509.051012,
-13.033896,-1502.455817,-1489.421920,
-13.040002,-1490.877527,-1477.837525,
-13.040002,-1490.877527,-1477.837525,
-13.040002,-1490.877527,-1477.837525,
-13.038449,-1471.396036,-1458.357587,
-13.038449,-1471.396036,-1458.357587,
-13.038449,-1471.396036,-1458.357587,
-13.028139,-1461.603844,-1448.575706,
-13.028139,-1461.603844,-1448.575706,
-13.028139,-1461.603844,-1448.575706,
-13.028139,-1461.603844,-1448.575706,
-13.028139,-1461.603844,-1448.575706,
-13.040316,-1434.403861,-1421.363545,
-13.040316,-1434.403861,-1421.363545,
-13.040316,-1434.403861,-1421.363545,
-13.040316,-1434.403861,-1421.363545,
-13.040316,-1434.403861,-1421.363545,
-13.040316,-1434.403861,-1421.363545,
-13.040316,-1434.403861,-1421.363545,
-13.040316,-1434.403861,-1421.363545,
-13.040316,-1434.403861,-1421.363545,
-13.040316,-1434.403861,-1421.363545,
-13.040316,-1434.403861,-1421.363545,
-13.040316,-1434.403861,-1421.363545,
-13.040316,-1434.403861,-1421.363545,
-13.040316,-1434.403861,-1421.363545,
-13.040316,-1434.403861,-1421.363545,
-13.043509,-1432.950967,-1419.907458,
-13.043509,-1432.950967,-1419.907458,
-13.043509,-1432.950967,-1419.907458,
-13.043509,-1432.950967,-1419.907458,
-13.040332,-1427.154564,-1414.114232,
-13.040332,-1427.154564,-1414.114232,
-13.040332,-1427.154564,-1414.114232,
-13.039752,-1427.214083,-1414.174331,
-13.039752,-1427.214083,-1414.174331,
-13.034904,-1427.067375,-1414.032472,
-13.034904,-1427.067375,-1414.032472,
-13.035175,-1428.239544,-1415.204369,
-13.035175,-1428.239544,-1415.204369,
-13.035175,-1428.239544,-1415.204369,
-13.035174,-1428.490595,-1415.455421,
-13.035693,-1428.674220,-1415.638526,
-13.035693,-1428.674220,-1415.638526,
-13.035693,-1428.674220,-1415.638526,
-13.035693,-1428.674220,-1415.638526,
-13.036622,-1429.670109,-1416.633487,
-13.039186,-1431.205735,-1418.166549,
-13.037459,-1427.294754,-1414.257296,
-13.037459,-1427.294754,-1414.257296,
-13.032397,-1429.243205,-1416.210808,
-13.033598,-1427.733707,-1414.700109,
-13.033598,-1427.733707,-1414.700109,
-13.033598,-1427.733707,-1414.700109,
-13.034086,-1426.837924,-1413.803838,
-13.035983,-1426.272971,-1413.236988,
-13.035983,-1426.272971,-1413.236988,
-13.035983,-1426.272971,-1413.236988,
-13.035983,-1426.272971,-1413.236988,
-13.035983,-1426.272971,-1413.236988,
-13.037938,-1428.866321,-1415.828383,
-13.036351,-1425.560669,-1412.524319,
-13.036351,-1425.560669,-1412.524319,
-13.036351,-1425.560669,-1412.524319,
-13.036351,-1425.560669,-1412.524319,
-13.036351,-1425.560669,-1412.524319,
-13.034615,-1427.024813,-1413.990198,
-13.035532,-1426.174708,-1413.139176,
-13.038522,-1427.229360,-1414.190838,
-13.040103,-1426.990902,-1413.950799,
-13.040103,-1426.990902,-1413.950799,
-13.040103,-1426.990902,-1413.950799,
-13.039649,-1426.737534,-1413.697885,
-13.039649,-1426.737534,-1413.697885,
-13.039649,-1426.737534,-1413.697885,
-13.039077,-1427.558388,-1414.519311,
-13.034769,-1426.974829,-1413.940060,
-13.035740,-1425.479036,-1412.443296,
-13.035740,-1425.479036,-1412.443296,
-13.035740,-1425.479036,-1412.443296,
-13.036577,-1425.510201,-1412.473623,
-13.036577,-1425.510201,-1412.473623,
-13.036577,-1425.510201,-1412.473623,
-13.035743,-1425.951844,-1412.916100,
-13.035743,-1425.951844,-1412.916100,
-13.035743,-1425.951844,-1412.916100,
-13.035743,-1425.951844,-1412.916100,
-13.035743,-1425.951844,-1412.916100,
-13.035743,-1425.951844,-1412.916100,
-13.035743,-1425.951844,-1412.916100,
-13.035743,-1425.951844,-1412.916100,
-13.035468,-1426.018853,-1412.983386,
-13.035468,-1426.018853,-1412.983386,
-13.035211,-1426.367700,-1413.332489,
-13.035211,-1426.367700,-1413.332489,
-13.035211,-1426.367700,-1413.332489,
-13.035211,-1426.367700,-1413.332489,
-13.035211,-1426.367700,-1413.332489,
-13.035017,-1426.026409,-1412.991392,
-13.035017,-1426.026409,-1412.991392,
-13.035017,-1426.026409,-1412.991392,
-13.035378,-1426.017688,-1412.982310,
-13.035378,-1426.017688,-1412.982310,
-13.035378,-1426.017688,-1412.982310,
-13.035378,-1426.017688,-1412.982310,
-13.035378,-1426.017688,-1412.982310,
-13.035378,-1426.017688,-1412.982310,
-13.035378,-1426.017688,-1412.982310,
-13.035249,-1426.709654,-1413.674406,
-13.035540,-1425.990128,-1412.954588,
-13.035850,-1425.595560,-1412.559710,
-13.035850,-1425.595560,-1412.559710,
-13.035850,-1425.595560,-1412.559710,
-13.036713,-1425.737444,-1412.700730,
-13.036713,-1425.737444,-1412.700730,
-13.036713,-1425.737444,-1412.700730,
-13.036713,-1425.737444,-1412.700730,
-13.036713,-1425.737444,-1412.700730,
-13.036578,-1426.634095,-1413.597517,
-13.036578,-1426.634095,-1413.597517,
-13.036578,-1426.634095,-1413.597517,
-13.036578,-1426.634095,-1413.597517,
-13.038523,-1425.233340,-1412.194817,
-13.038523,-1425.233340,-1412.194817,
-13.038523,-1425.233340,-1412.194817,
-13.039151,-1425.664250,-1412.625099,
-13.039151,-1425.664250,-1412.625099,
-13.039151,-1425.664250,-1412.625099,
-13.039151,-1425.664250,-1412.625099,
-13.038872,-1426.013875,-1412.975004,
-13.038872,-1426.013875,-1412.975004,
-13.036420,-1427.463390,-1414.426970,
-13.036960,-1427.313386,-1414.276426,
-13.036960,-1427.313386,-1414.276426,
-13.036960,-1427.313386,-1414.276426,
-13.037828,-1427.922674,-1414.884846,
-13.037828,-1427.922674,-1414.884846,
-13.039489,-1427.486746,-1414.447257,
-13.037690,-1429.177428,-1416.139738,
-13.037207,-1428.240787,-1415.203579,
-13.037207,-1428.240787,-1415.203579,
-13.037207,-1428.240787,-1415.203579,
-13.037782,-1427.803689,-1414.765907,
-13.037782,-1427.803689,-1414.765907,
-13.036055,-1426.325702,-1413.289647,
-13.033135,-1429.030748,-1415.997612,
-13.033135,-1429.030748,-1415.997612,
-13.034317,-1428.148095,-1415.113777,
-13.036688,-1425.252933,-1412.216245,
-13.035208,-1426.401603,-1413.366395,
-13.036509,-1427.433342,-1414.396833,
-13.037634,-1428.421545,-1415.383911,
-13.039417,-1426.911950,-1413.872533,
-13.039417,-1426.911950,-1413.872533,
-13.039417,-1426.911950,-1413.872533,
-13.039417,-1426.911950,-1413.872533,
-13.039626,-1427.395296,-1414.355670,
-13.039626,-1427.395296,-1414.355670,
-13.039626,-1427.395296,-1414.355670,
-13.039474,-1426.692902,-1413.653428,
-13.039474,-1426.692902,-1413.653428,
-13.039474,-1426.692902,-1413.653428,
-13.039474,-1426.692902,-1413.653428,
-13.038095,-1425.786936,-1412.748841,
-13.039293,-1426.383337,-1413.344044,
-13.039293,-1426.383337,-1413.344044,
-13.039293,-1426.383337,-1413.344044,
-13.039293,-1426.383337,-1413.344044,
-13.039293,-1426.383337,-1413.344044,
-13.039293,-1426.383337,-1413.344044,
-13.040555,-1427.098820,-1414.058265,
-13.040555,-1427.098820,-1414.058265,
-13.038496,-1425.732283,-1412.693787,
-13.038496,-1425.732283,-1412.693787,
-13.038496,-1425.732283,-1412.693787,
-13.038496,-1425.732283,-1412.693787,
-13.038496,-1425.732283,-1412.693787,
-13.038496,-1425.732283,-1412.693787,
-13.038496,-1425.732283,-1412.693787,
-13.038496,-1425.732283,-1412.693787,
-13.038496,-1425.732283,-1412.693787,
-13.038496,-1425.732283,-1412.693787,
-13.038496,-1425.732283,-1412.693787,
-13.039253,-1425.649855,-1412.610602,
-13.038236,-1426.013487,-1412.975251,
-13.038236,-1426.013487,-1412.975251,
-13.038236,-1426.013487,-1412.975251,
-13.037932,-1426.929271,-1413.891339,
-13.037932,-1426.929271,-1413.891339,
-13.037932,-1426.929271,-1413.891339,
-13.037932,-1426.929271,-1413.891339,
-13.035573,-1427.766762,-1414.731189,
-13.036239,-1426.637515,-1413.601276,
-13.036239,-1426.637515,-1413.601276,
-13.036239,-1426.637515,-1413.601276,
-13.036239,-1426.637515,-1413.601276,
-13.036239,-1426.637515,-1413.601276,
-13.036239,-1426.637515,-1413.601276,
-13.036239,-1426.637515,-1413.601276,
-13.036239,-1426.637515,-1413.601276,
-13.036239,-1426.637515,-1413.601276,
-13.036239,-1426.637515,-1413.601276,
-13.036238,-1427.918299,-1414.882061,
-13.036174,-1426.155579,-1413.119404,
-13.036174,-1426.155579,-1413.119404,
-13.036174,-1426.155579,-1413.119404,
-13.037165,-1425.144118,-1412.106953,
-13.037165,-1425.144118,-1412.106953,
-13.037165,-1425.144118,-1412.106953,
-13.037165,-1425.144118,-1412.106953,
-13.035842,-1425.791722,-1412.755880,
-13.036872,-1425.703348,-1412.666476,
-13.037050,-1426.324552,-1413.287502,
-13.037050,-1426.324552,-1413.287502,
-13.037050,-1426.324552,-1413.287502,
-13.037050,-1426.324552,-1413.287502,
-13.036903,-1425.855330,-1412.818428,
-13.036903,-1425.855330,-1412.818428,
-13.036903,-1425.855330,-1412.818428,
-13.036903,-1425.855330,-1412.818428,
-13.036903,-1425.855330,-1412.818428,
-13.036903,-1425.855330,-1412.818428,
-13.036903,-1425.855330,-1412.818428,
-13.036903,-1425.855330,-1412.818428,
-13.035589,-1426.316103,-1413.280514,
-13.035589,-1426.316103,-1413.280514,
-13.035589,-1426.316103,-1413.280514,
-13.035589,-1426.316103,-1413.280514,
-13.036385,-1426.299029,-1413.262645,
-13.036385,-1426.299029,-1413.262645,
-13.036385,-1426.299029,-1413.262645,
-13.036385,-1426.299029,-1413.262645,
-13.037697,-1426.026197,-1412.988500,
-13.038572,-1427.957140,-1414.918568,
-13.036603,-1427.078940,-1414.042338,
-13.037156,-1427.903844,-1414.866688,
-13.037156,-1427.903844,-1414.866688,
-13.037156,-1427.903844,-1414.866688,
-13.037156,-1427.903844,-1414.866688,
-13.037156,-1427.903844,-1414.866688,
-13.035329,-1427.317814,-1414.282485,
-13.036406,-1427.530680,-1414.494274,
-13.036406,-1427.530680,-1414.494274,
-13.036406,-1427.530680,-1414.494274,
-13.036406,-1427.530680,-1414.494274,
-13.036406,-1427.530680,-1414.494274,
-13.036406,-1427.530680,-1414.494274,
-13.036406,-1427.530680,-1414.494274,
-13.038930,-1427.394385,-1414.355456,
-13.038930,-1427.394385,-1414.355456,
-13.038930,-1427.394385,-1414.355456,
-13.038930,-1427.394385,-1414.355456,
-13.038930,-1427.394385,-1414.355456,
-13.038930,-1427.394385,-1414.355456,
-13.038930,-1427.394385,-1414.355456,
-13.038930,-1427.394385,-1414.355456,
-13.038930,-1427.394385,-1414.355456,
-13.038930,-1427.394385,-1414.355456,
-13.038930,-1427.394385,-1414.355456,
-13.038930,-1427.394385,-1414.355456,
-13.038930,-1427.394385,-1414.355456,
-13.039390,-1426.552862,-1413.513472,
-13.037631,-1425.186587,-1412.148956,
-13.037631,-1425.186587,-1412.148956,
-13.037631,-1425.186587,-1412.148956,
-13.037631,-1425.186587,-1412.148956,
-13.037631,-1425.186587,-1412.148956,
-13.037631,-1425.186587,-1412.148956,
-13.037631,-1425.186587,-1412.148956,
-13.037631,-1425.186587,-1412.148956,
-13.037631,-1425.186587,-1412.148956,
-13.037631,-1425.186587,-1412.148956,
-13.037631,-1425.186587,-1412.148956,
-13.037631,-1425.186587,-1412.148956,
-13.037631,-1425.186587,-1412.148956,
-13.037631,-1425.186587,-1412.148956,
-13.034565,-1427.313485,-1414.278921,
-13.034565,-1427.313485,-1414.278921,
-13.034565,-1427.313485,-1414.278921,
-13.034565,-1427.313485,-1414.278921,
-13.034565,-1427.313485,-1414.278921,
-13.034565,-1427.313485,-1414.278921,
-13.034718,-1426.497564,-1413.462847,
-13.034718,-1426.497564,-1413.462847,
-13.034718,-1426.497564,-1413.462847,
-13.034718,-1426.497564,-1413.462847,
-13.034718,-1426.497564,-1413.462847,
-13.034718,-1426.497564,-1413.462847,
-13.034718,-1426.497564,-1413.462847,
-13.034718,-1426.497564,-1413.462847,
-13.034718,-1426.497564,-1413.462847,
-13.034718,-1426.497564,-1413.462847,
-13.035266,-1426.094136,-1413.058870,
-13.035266,-1426.094136,-1413.058870,
-13.035266,-1426.094136,-1413.058870,
-13.035266,-1426.094136,-1413.058870,
-13.037503,-1426.279515,-1413.242012,
-13.036297,-1426.794421,-1413.758124,
-13.036297,-1426.794421,-1413.758124,
-13.036297,-1426.794421,-1413.758124,
-13.036297,-1426.794421,-1413.758124,
-13.036297,-1426.794421,-1413.758124,
-13.036297,-1426.794421,-1413.758124,
-13.036297,-1426.794421,-1413.758124,
-13.037355,-1425.485969,-1412.448613,
-13.037355,-1425.485969,-1412.448613,
-13.037355,-1425.485969,-1412.448613,
-13.037355,-1425.485969,-1412.448613,
-13.037355,-1425.485969,-1412.448613,
-13.037355,-1425.485969,-1412.448613,
-13.038688,-1425.999026,-1412.960338,
-13.038688,-1425.999026,-1412.960338,
-13.038688,-1425.999026,-1412.960338,
-13.038688,-1425.999026,-1412.960338,
-13.038688,-1425.999026,-1412.960338,
-13.038688,-1425.999026,-1412.960338,
-13.038688,-1425.999026,-1412.960338,
-13.038688,-1425.999026,-1412.960338,
-13.038688,-1425.999026,-1412.960338,
-13.038024,-1426.099845,-1413.061821,
-13.038024,-1426.099845,-1413.061821,
-13.035700,-1426.615180,-1413.579480,
-13.035700,-1426.615180,-1413.579480,
-13.035700,-1426.615180,-1413.579480,
-13.035700,-1426.615180,-1413.579480,
-13.035700,-1426.615180,-1413.579480,
-13.035700,-1426.615180,-1413.579480,
-13.035700,-1426.615180,-1413.579480,
-13.035700,-1426.615180,-1413.579480,
-13.034218,-1427.656857,-1414.622639,
-13.036785,-1428.000082,-1414.963297,
-13.036785,-1428.000082,-1414.963297,
-13.036785,-1428.000082,-1414.963297,
-13.036785,-1428.000082,-1414.963297,
-13.035360,-1428.399369,-1415.364009,
-13.035360,-1428.399369,-1415.364009,
-13.035360,-1428.399369,-1415.364009,
-13.035360,-1428.399369,-1415.364009,
-13.035360,-1428.399369,-1415.364009,
-13.035360,-1428.399369,-1415.364009,
-13.033402,-1429.464887,-1416.431485,
-13.035660,-1427.474183,-1414.438522,
-13.035660,-1427.474183,-1414.438522,
-13.035170,-1426.765717,-1413.730546,
-13.035170,-1426.765717,-1413.730546,
-13.035170,-1426.765717,-1413.730546,
-13.035170,-1426.765717,-1413.730546,
-13.038065,-1425.609190,-1412.571125,
-13.036426,-1426.240497,-1413.204071,
-13.036426,-1426.240497,-1413.204071,
-13.036426,-1426.240497,-1413.204071,
-13.036426,-1426.240497,-1413.204071,
-13.036426,-1426.240497,-1413.204071,
-13.037749,-1425.063304,-1412.025556,
-13.037749,-1425.063304,-1412.025556,
-13.037749,-1425.063304,-1412.025556,
-13.037749,-1425.063304,-1412.025556,
-13.037749,-1425.063304,-1412.025556,
-13.037749,-1425.063304,-1412.025556,
-13.037749,-1425.063304,-1412.025556,
-13.037447,-1425.354300,-1412.316853,
-13.037447,-1425.354300,-1412.316853,
-13.037447,-1425.354300,-1412.316853,
-13.037348,-1425.649736,-1412.612387,
-13.037348,-1425.649736,-1412.612387,
-13.037348,-1425.649736,-1412.612387,
-13.037348,-1425.649736,-1412.612387,
-13.038801,-1425.402050,-1412.363250,
-13.038801,-1425.402050,-1412.363250,
-13.038801,-1425.402050,-1412.363250,
-13.036963,-1425.142873,-1412.105910,
-13.035067,-1425.945025,-1412.909958,
-13.035028,-1426.304557,-1413.269529,
-13.035028,-1426.304557,-1413.269529,
-13.035028,-1426.304557,-1413.269529,
-13.034993,-1426.270122,-1413.235129,
-13.034993,-1426.270122,-1413.235129,
-13.034993,-1426.270122,-1413.235129,
-13.034993,-1426.270122,-1413.235129,
-13.034993,-1426.270122,-1413.235129,
-13.036983,-1425.923576,-1412.886593,
-13.036983,-1425.923576,-1412.886593,
-13.036983,-1425.923576,-1412.886593,
-13.036983,-1425.923576,-1412.886593,
-13.036983,-1425.923576,-1412.886593,
-13.036669,-1426.019929,-1412.983260,
-13.037564,-1425.466786,-1412.429222,
-13.038442,-1425.643647,-1412.605205,
-13.038442,-1425.643647,-1412.605205,
-13.038442,-1425.643647,-1412.605205,
-13.038442,-1425.643647,-1412.605205,
-13.037635,-1427.745931,-1414.708296,
-13.037635,-1427.745931,-1414.708296,
-13.037635,-1427.745931,-1414.708296,
-13.037635,-1427.745931,-1414.708296,
-13.037365,-1425.985973,-1412.948608,
-13.037365,-1425.985973,-1412.948608,
-13.037365,-1425.985973,-1412.948608,
-13.037365,-1425.985973,-1412.948608,
-13.038404,-1425.386405,-1412.348001,
-13.038404,-1425.386405,-1412.348001,
-13.038404,-1425.386405,-1412.348001,
-13.038404,-1425.386405,-1412.348001,
-13.038268,-1425.808810,-1412.770542,
-13.038268,-1425.808810,-1412.770542,
-13.038268,-1425.808810,-1412.770542,
-13.038268,-1425.808810,-1412.770542,
-13.038268,-1425.808810,-1412.770542,
-13.038268,-1425.808810,-1412.770542,
-13.038268,-1425.808810,-1412.770542,
-13.038268,-1425.808810,-1412.770542,
-13.038268,-1425.808810,-1412.770542,
-13.038268,-1425.808810,-1412.770542,
-13.038268,-1425.808810,-1412.770542,
-13.038268,-1425.808810,-1412.770542,
-13.035191,-1426.873574,-1413.838382,
-13.035191,-1426.873574,-1413.838382,
-13.035191,-1426.873574,-1413.838382,
-13.035191,-1426.873574,-1413.838382,
-13.035191,-1426.873574,-1413.838382,
-13.035191,-1426.873574,-1413.838382,
-13.038327,-1426.415203,-1413.376876,
-13.038327,-1426.415203,-1413.376876,
-13.038327,-1426.415203,-1413.376876,
-13.038327,-1426.415203,-1413.376876,
-13.038327,-1426.415203,-1413.376876,
-13.037838,-1425.673599,-1412.635760,
-13.037838,-1425.673599,-1412.635760,
-13.039935,-1426.207639,-1413.167705,
-13.039935,-1426.207639,-1413.167705,
-13.038844,-1426.269754,-1413.230909,
-13.038844,-1426.269754,-1413.230909,
-13.038844,-1426.269754,-1413.230909,
-13.038844,-1426.269754,-1413.230909,
-13.038844,-1426.269754,-1413.230909,
-13.038844,-1426.269754,-1413.230909,
-13.038844,-1426.269754,-1413.230909,
-13.038844,-1426.269754,-1413.230909,
-13.037892,-1425.557465,-1412.519573,
-13.037892,-1425.557465,-1412.519573,
-13.037892,-1425.557465,-1412.519573,
-13.037892,-1425.557465,-1412.519573,
-13.037892,-1425.557465,-1412.519573,
-13.037153,-1425.757413,-1412.720260,
-13.037153,-1425.757413,-1412.720260,
-13.037153,-1425.757413,-1412.720260,
-13.037153,-1425.757413,-1412.720260,
-13.037153,-1425.757413,-1412.720260,
-13.038465,-1426.750709,-1413.712244,
-13.037588,-1427.382961,-1414.345374,
-13.037588,-1427.382961,-1414.345374,
-13.038434,-1425.766520,-1412.728087,
-13.036916,-1425.670404,-1412.633489,
-13.036916,-1425.670404,-1412.633489,
-13.036916,-1425.670404,-1412.633489,
-13.036916,-1425.670404,-1412.633489,
-13.036916,-1425.670404,-1412.633489,
-13.036916,-1425.670404,-1412.633489,
-13.036916,-1425.670404,-1412.633489,
-13.037088,-1426.791809,-1413.754722,
-13.037088,-1426.791809,-1413.754722,
-13.037088,-1426.791809,-1413.754722,
-13.037088,-1426.791809,-1413.754722,
-13.036861,-1426.203511,-1413.166650,
-13.036861,-1426.203511,-1413.166650,
-13.036861,-1426.203511,-1413.166650,
-13.038265,-1426.569645,-1413.531380,
-13.037630,-1428.262353,-1415.224722,
-13.037630,-1428.262353,-1415.224722,
-13.037630,-1428.262353,-1415.224722,
-13.039539,-1427.678155,-1414.638617,
-13.037595,-1428.491728,-1415.454133,
-13.036584,-1427.790466,-1414.753882,
-13.038370,-1427.428831,-1414.390461,
-13.038531,-1426.725480,-1413.686949,
-13.038531,-1426.725480,-1413.686949,
-13.038531,-1426.725480,-1413.686949,
-13.039889,-1430.013834,-1416.973944,
-13.039889,-1430.013834,-1416.973944,
-13.041585,-1428.553634,-1415.512049,
-13.039964,-1426.530512,-1413.490548,
-13.037991,-1425.845074,-1412.807083,
-13.037991,-1425.845074,-1412.807083,
-13.037991,-1425.845074,-1412.807083,
-13.037991,-1425.845074,-1412.807083,
-13.037991,-1425.845074,-1412.807083,
-13.037991,-1425.845074,-1412.807083,
-13.037991,-1425.845074,-1412.807083,
-13.037991,-1425.845074,-1412.807083,
-13.037991,-1425.845074,-1412.807083,
-13.037991,-1425.845074,-1412.807083,
-13.037991,-1425.845074,-1412.807083,
-13.037991,-1425.845074,-1412.807083,
-13.037991,-1425.845074,-1412.807083,
-13.037991,-1425.845074,-1412.807083,
-13.038826,-1427.262495,-1414.223669,
-13.036701,-1425.435122,-1412.398421,
-13.036701,-1425.435122,-1412.398421,
-13.036701,-1425.435122,-1412.398421,
-13.036701,-1425.435122,-1412.398421,
-13.036701,-1425.435122,-1412.398421,
-13.036701,-1425.435122,-1412.398421,
-13.036701,-1425.435122,-1412.398421,
-13.036701,-1425.435122,-1412.398421,
-13.034993,-1427.213313,-1414.178320,
-13.034993,-1427.213313,-1414.178320,
-13.036545,-1425.809408,-1412.772864,
-13.034370,-1427.939704,-1414.905335,
-13.034370,-1427.939704,-1414.905335,
-13.034370,-1427.939704,-1414.905335,
-13.034370,-1427.939704,-1414.905335,
-13.034370,-1427.939704,-1414.905335,
-13.034370,-1427.939704,-1414.905335,
-13.035222,-1427.533273,-1414.498051,
-13.035222,-1427.533273,-1414.498051,
-13.035222,-1427.533273,-1414.498051,
-13.035222,-1427.533273,-1414.498051,
-13.035222,-1427.533273,-1414.498051,
-13.035911,-1428.658954,-1415.623043,
-13.035911,-1428.658954,-1415.623043,
-13.035940,-1426.522804,-1413.486864,
-13.035940,-1426.522804,-1413.486864,
-13.037473,-1425.836349,-1412.798876,
-13.037473,-1425.836349,-1412.798876,
-13.038288,-1425.885198,-1412.846910,
-13.038288,-1425.885198,-1412.846910,
-13.038288,-1425.885198,-1412.846910,
-13.038288,-1425.885198,-1412.846910,
-13.038288,-1425.885198,-1412.846910,
-13.038288,-1425.885198,-1412.846910,
-13.038288,-1425.885198,-1412.846910,
-13.038288,-1425.885198,-1412.846910,
-13.038288,-1425.885198,-1412.846910,
-13.035533,-1426.577160,-1413.541627,
-13.035117,-1426.196971,-1413.161854,
-13.036035,-1425.703802,-1412.667767,
-13.036035,-1425.703802,-1412.667767,
-13.036035,-1425.703802,-1412.667767,
-13.038008,-1426.523234,-1413.485227,
-13.038008,-1426.523234,-1413.485227,
-13.038008,-1426.523234,-1413.485227,
-13.038878,-1426.267509,-1413.228631,
-13.038878,-1426.267509,-1413.228631,
-13.038878,-1426.267509,-1413.228631,
-13.038878,-1426.267509,-1413.228631,
-13.038878,-1426.267509,-1413.228631,
-13.034757,-1427.317624,-1414.282867,
-13.036648,-1426.679547,-1413.642899,
-13.036648,-1426.679547,-1413.642899,
-13.036648,-1426.679547,-1413.642899,
-13.037515,-1425.465500,-1412.427986,
-13.037515,-1425.465500,-1412.427986,
-13.037515,-1425.465500,-1412.427986,
-13.038220,-1425.324409,-1412.286188,
-13.035843,-1426.545245,-1413.509402,
-13.035843,-1426.545245,-1413.509402,
-13.034015,-1427.626973,-1414.592957,
-13.035578,-1426.191967,-1413.156390,
-13.035578,-1426.191967,-1413.156390,
-13.037482,-1425.186267,-1412.148785,
-13.037933,-1426.150702,-1413.112769,
-13.037933,-1426.150702,-1413.112769,
-13.037208,-1425.906699,-1412.869490,
-13.037208,-1425.906699,-1412.869490,
-13.037208,-1425.906699,-1412.869490,
-13.036765,-1425.185554,-1412.148789,
-13.036765,-1425.185554,-1412.148789,
-13.036765,-1425.185554,-1412.148789,
-13.036765,-1425.185554,-1412.148789,
-13.036765,-1425.185554,-1412.148789,
-13.038486,-1425.683428,-1412.644943,
-13.038486,-1425.683428,-1412.644943,
-13.038486,-1425.683428,-1412.644943,
-13.038486,-1425.683428,-1412.644943,
-13.038486,-1425.683428,-1412.644943,
-13.038486,-1425.683428,-1412.644943,
-13.036602,-1426.336844,-1413.300242,
-13.036602,-1426.336844,-1413.300242,
-13.037326,-1425.329178,-1412.291852,
-13.038926,-1427.020196,-1413.981271,
-13.038926,-1427.020196,-1413.981271,
-13.040968,-1428.976075,-1415.935107,
-13.040906,-1427.817582,-1414.776676,
-13.040906,-1427.817582,-1414.776676,
-13.040906,-1427.817582,-1414.776676,
-13.040906,-1427.817582,-1414.776676,
-13.040906,-1427.817582,-1414.776676,
-13.040601,-1428.114475,-1415.073875,
-13.040601,-1428.114475,-1415.073875,
-13.040601,-1428.114475,-1415.073875,
-13.039902,-1428.083587,-1415.043685,
-13.039902,-1428.083587,-1415.043685,
-13.040369,-1429.565898,-1416.525529,
-13.040369,-1429.565898,-1416.525529,
-13.040369,-1429.565898,-1416.525529,
-13.040369,-1429.565898,-1416.525529,
-13.040355,-1427.855605,-1414.815250,
-13.040355,-1427.855605,-1414.815250,
-13.040355,-1427.855605,-1414.815250,
-13.040887,-1427.477758,-1414.436871,
-13.040887,-1427.477758,-1414.436871,
-13.040887,-1427.477758,-1414.436871,
-13.039537,-1426.406705,-1413.367168,
-13.039537,-1426.406705,-1413.367168,
-13.039537,-1426.406705,-1413.367168,
-13.039537,-1426.406705,-1413.367168,
-13.039537,-1426.406705,-1413.367168,
-13.039537,-1426.406705,-1413.367168,
-13.039537,-1426.406705,-1413.367168,
-13.039537,-1426.406705,-1413.367168,
-13.039537,-1426.406705,-1413.367168,
-13.039537,-1426.406705,-1413.367168,
-13.039537,-1426.406705,-1413.367168,
-13.039667,-1426.978122,-1413.938455,
-13.039667,-1426.978122,-1413.938455,
-13.039667,-1426.978122,-1413.938455,
-13.039667,-1426.978122,-1413.938455,
-13.039667,-1426.978122,-1413.938455,
-13.039667,-1426.978122,-1413.938455,
-13.040435,-1427.679983,-1414.639548,
-13.040435,-1427.679983,-1414.639548,
-13.040435,-1427.679983,-1414.639548,
-13.040435,-1427.679983,-1414.639548,
-13.040435,-1427.679983,-1414.639548,
-13.040435,-1427.679983,-1414.639548,
-13.039368,-1426.603507,-1413.564139,
-13.039368,-1426.603507,-1413.564139,
-13.039368,-1426.603507,-1413.564139,
-13.039368,-1426.603507,-1413.564139,
-13.039368,-1426.603507,-1413.564139,
-13.039368,-1426.603507,-1413.564139,
-13.041126,-1428.457727,-1415.416600,
-13.039800,-1429.093353,-1416.053553,
-13.039800,-1429.093353,-1416.053553,
-13.038490,-1430.986463,-1417.947972,
-13.038490,-1430.986463,-1417.947972,
-13.035621,-1430.751348,-1417.715727,
-13.037626,-1429.060161,-1416.022534,
-13.037626,-1429.060161,-1416.022534,
-13.038937,-1428.931365,-1415.892428,
-13.038937,-1428.931365,-1415.892428,
-13.038937,-1428.931365,-1415.892428,
-13.038937,-1428.931365,-1415.892428,
-13.039985,-1427.643843,-1414.603859,
-13.039985,-1427.643843,-1414.603859,
-13.038776,-1427.869370,-1414.830594,
-13.039453,-1430.040177,-1417.000723,
-13.039453,-1430.040177,-1417.000723,
-13.039453,-1430.040177,-1417.000723,
-13.037788,-1430.356773,-1417.318985,
-13.037788,-1430.356773,-1417.318985,
-13.037788,-1430.356773,-1417.318985,
-13.036095,-1430.600757,-1417.564662,
-13.033760,-1432.096785,-1419.063025,
-13.032852,-1431.703332,-1418.670479,
-13.034358,-1429.234376,-1416.200018,
-13.034358,-1429.234376,-1416.200018,
-13.034977,-1428.614583,-1415.579606,
-13.034695,-1427.931187,-1414.896492,
-13.034695,-1427.931187,-1414.896492,
-13.034695,-1427.931187,-1414.896492,
-13.035108,-1427.044836,-1414.009728,
-13.033831,-1427.360988,-1414.327157,
-13.033831,-1427.360988,-1414.327157,
-13.033831,-1427.360988,-1414.327157,
-13.034432,-1427.743163,-1414.708731,
-13.034432,-1427.743163,-1414.708731,
-13.034432,-1427.743163,-1414.708731,
-13.034432,-1427.743163,-1414.708731,
-13.034432,-1427.743163,-1414.708731,
-13.035518,-1425.832768,-1412.797250,
-13.035518,-1425.832768,-1412.797250,
-13.035518,-1425.832768,-1412.797250,
-13.035518,-1425.832768,-1412.797250,
-13.035518,-1425.832768,-1412.797250,
-13.035518,-1425.832768,-1412.797250,
-13.035276,-1426.363171,-1413.327895,
-13.035276,-1426.363171,-1413.327895,
-13.035276,-1426.363171,-1413.327895,
-13.035429,-1426.365289,-1413.329860,
-13.035429,-1426.365289,-1413.329860,
-13.034486,-1427.499440,-1414.464954,
-13.033730,-1428.430959,-1415.397230,
-13.033730,-1428.430959,-1415.397230,
-13.033730,-1428.430959,-1415.397230,
-13.033730,-1428.430959,-1415.397230,
-13.033730,-1428.430959,-1415.397230,
-13.033730,-1428.430959,-1415.397230,
-13.033730,-1428.430959,-1415.397230,
-13.035364,-1427.328449,-1414.293085,
-13.035364,-1427.328449,-1414.293085,
-13.035364,-1427.328449,-1414.293085,
-13.035364,-1427.328449,-1414.293085,
-13.035364,-1427.328449,-1414.293085,
-13.035353,-1426.249251,-1413.213898,
-13.035353,-1426.249251,-1413.213898,
-13.035353,-1426.249251,-1413.213898,
-13.035353,-1426.249251,-1413.213898,
-13.036923,-1425.525557,-1412.488635,
-13.036923,-1425.525557,-1412.488635,
-13.036923,-1425.525557,-1412.488635,
-13.036923,-1425.525557,-1412.488635,
-13.036923,-1425.525557,-1412.488635,
-13.036923,-1425.525557,-1412.488635,
-13.036923,-1425.525557,-1412.488635,
-13.036923,-1425.525557,-1412.488635,
-13.036923,-1425.525557,-1412.488635,
-13.036923,-1425.525557,-1412.488635,
-13.036923,-1425.525557,-1412.488635,
-13.036923,-1425.525557,-1412.488635,
-13.036923,-1425.525557,-1412.488635,
-13.036923,-1425.525557,-1412.488635,
-13.036923,-1425.525557,-1412.488635,
-13.036923,-1425.525557,-1412.488635,
-13.036923,-1425.525557,-1412.488635,
-13.036923,-1425.525557,-1412.488635,
-13.036923,-1425.525557,-1412.488635,
-13.036923,-1425.525557,-1412.488635,
-13.036923,-1425.525557,-1412.488635,
-13.036923,-1425.525557,-1412.488635,
-13.036923,-1425.525557,-1412.488635,
-13.037507,-1425.136862,-1412.099355,
-13.037895,-1425.286170,-1412.248275,
-13.037895,-1425.286170,-1412.248275,
-13.037895,-1425.286170,-1412.248275,
-13.037895,-1425.286170,-1412.248275,
-13.036997,-1425.754887,-1412.717890,
-13.036997,-1425.754887,-1412.717890,
-13.037620,-1425.904341,-1412.866720,
-13.037620,-1425.904341,-1412.866720,
-13.037620,-1425.904341,-1412.866720,
-13.037620,-1425.904341,-1412.866720,
-13.037620,-1425.904341,-1412.866720,
-13.038095,-1428.314838,-1415.276743,
-13.036841,-1427.183904,-1414.147063,
-13.038154,-1426.686993,-1413.648840,
-13.038154,-1426.686993,-1413.648840,
-13.038154,-1426.686993,-1413.648840,
-13.038154,-1426.686993,-1413.648840,
-13.038154,-1426.686993,-1413.648840,
-13.037154,-1426.531826,-1413.494672,
-13.037154,-1426.531826,-1413.494672,
-13.036928,-1426.378967,-1413.342039,
-13.039725,-1427.049414,-1414.009689,
-13.039725,-1427.049414,-1414.009689,
-13.039725,-1427.049414,-1414.009689,
-13.039725,-1427.049414,-1414.009689,
-13.039725,-1427.049414,-1414.009689,
-13.037813,-1428.318073,-1415.280259,
-13.037894,-1427.702770,-1414.664876,
-13.037894,-1427.702770,-1414.664876,
-13.037894,-1427.702770,-1414.664876,
-13.037894,-1427.702770,-1414.664876,
-13.037894,-1427.702770,-1414.664876,
-13.037894,-1427.702770,-1414.664876,
-13.037894,-1427.702770,-1414.664876,
-13.036820,-1426.853227,-1413.816407,
-13.036462,-1425.495588,-1412.459126,
-13.037369,-1425.824068,-1412.786699,
-13.037369,-1425.824068,-1412.786699,
-13.037369,-1425.824068,-1412.786699,
-13.037369,-1425.824068,-1412.786699,
-13.037369,-1425.824068,-1412.786699,
-13.037369,-1425.824068,-1412.786699,
-13.037369,-1425.824068,-1412.786699,
-13.037369,-1425.824068,-1412.786699,
-13.036450,-1426.090446,-1413.053996,
-13.037350,-1427.706303,-1414.668953,
-13.037350,-1427.706303,-1414.668953,
-13.037350,-1427.706303,-1414.668953,
-13.037350,-1427.706303,-1414.668953,
-13.033990,-1429.543317,-1416.509327,
-13.033990,-1429.543317,-1416.509327,
-13.036921,-1428.400764,-1415.363842,
-13.035806,-1426.571421,-1413.535615,
-13.035806,-1426.571421,-1413.535615,
-13.040238,-1428.229034,-1415.188796,
-13.040238,-1428.229034,-1415.188796,
-13.040238,-1428.229034,-1415.188796,
-13.039747,-1427.048842,-1414.009095,
-13.039747,-1427.048842,-1414.009095,
-13.038691,-1427.121613,-1414.082922,
-13.038551,-1426.846258,-1413.807706,
-13.038551,-1426.846258,-1413.807706,
-13.038551,-1426.846258,-1413.807706,
-13.036622,-1427.000405,-1413.963784,
-13.034747,-1426.955465,-1413.920718,
-13.034747,-1426.955465,-1413.920718,
-13.034747,-1426.955465,-1413.920718,
-13.034747,-1426.955465,-1413.920718,
-13.034747,-1426.955465,-1413.920718,
-13.035130,-1427.368959,-1414.333828,
-13.035130,-1427.368959,-1414.333828,
-13.035130,-1427.368959,-1414.333828,
-13.035130,-1427.368959,-1414.333828,
-13.036913,-1426.589688,-1413.552774,
-13.036913,-1426.589688,-1413.552774,
-13.036913,-1426.589688,-1413.552774,
-13.035770,-1426.203111,-1413.167341,
-13.035770,-1426.203111,-1413.167341,
-13.035770,-1426.203111,-1413.167341,
-13.035770,-1426.203111,-1413.167341,
-13.035770,-1426.203111,-1413.167341,
-13.035770,-1426.203111,-1413.167341,
-13.035770,-1426.203111,-1413.167341,
-13.035770,-1426.203111,-1413.167341,
-13.035770,-1426.203111,-1413.167341,
-13.037859,-1426.708269,-1413.670410,
-13.037859,-1426.708269,-1413.670410,
-13.037859,-1426.708269,-1413.670410,
-13.037859,-1426.708269,-1413.670410,
-13.037859,-1426.708269,-1413.670410,
-13.037859,-1426.708269,-1413.670410,
-13.037859,-1426.708269,-1413.670410,
-13.037859,-1426.708269,-1413.670410,
-13.037859,-1426.708269,-1413.670410,
-13.037859,-1426.708269,-1413.670410,
-13.035669,-1426.300483,-1413.264814,
-13.035669,-1426.300483,-1413.264814,
-13.035669,-1426.300483,-1413.264814,
-13.035669,-1426.300483,-1413.264814,
-13.035671,-1425.546376,-1412.510705,
-13.035671,-1425.546376,-1412.510705,
-13.039107,-1425.562147,-1412.523040,
-13.039107,-1425.562147,-1412.523040,
-13.037400,-1425.233889,-1412.196489,
-13.037885,-1425.652215,-1412.614331,
-13.038211,-1426.303746,-1413.265535,
-13.038211,-1426.303746,-1413.265535,
-13.038211,-1426.303746,-1413.265535,
-13.038211,-1426.303746,-1413.265535,
-13.038230,-1425.756016,-1412.717786,
-13.035547,-1425.704513,-1412.668966,
-13.035547,-1425.704513,-1412.668966,
-13.035547,-1425.704513,-1412.668966,
-13.035411,-1426.160071,-1413.124660,
-13.035411,-1426.160071,-1413.124660,
-13.035411,-1426.160071,-1413.124660,
-13.035411,-1426.160071,-1413.124660,
-13.038750,-1431.940267,-1418.901517,
-13.038750,-1431.940267,-1418.901517,
-13.038750,-1431.940267,-1418.901517,
-13.041740,-1430.221694,-1417.179953,
-13.041740,-1430.221694,-1417.179953,
-13.041740,-1430.221694,-1417.179953,
-13.041740,-1430.221694,-1417.179953,
-13.041740,-1430.221694,-1417.179953,
-13.041740,-1430.221694,-1417.179953,
-13.041740,-1430.221694,-1417.179953,
-13.041740,-1430.221694,-1417.179953,
-13.041740,-1430.221694,-1417.179953,
-13.041740,-1430.221694,-1417.179953,
-13.041446,-1430.767920,-1417.726474,
-13.039642,-1431.106792,-1418.067150,
-13.039642,-1431.106792,-1418.067150,
-13.039642,-1431.106792,-1418.067150,
-13.039642,-1431.106792,-1418.067150,
-13.040098,-1430.339917,-1417.299819,
-13.039289,-1426.689481,-1413.650193,
-13.036986,-1426.648757,-1413.611771,
-13.036986,-1426.648757,-1413.611771,
-13.036986,-1426.648757,-1413.611771,
-13.036933,-1426.607112,-1413.570179,
-13.036933,-1426.607112,-1413.570179,
-13.036933,-1426.607112,-1413.570179,
-13.036933,-1426.607112,-1413.570179,
-13.036933,-1426.607112,-1413.570179,
-13.036933,-1426.607112,-1413.570179,
-13.036933,-1426.607112,-1413.570179,
-13.036933,-1426.607112,-1413.570179,
-13.037366,-1426.077008,-1413.039642,
-13.037366,-1426.077008,-1413.039642,
-13.039731,-1426.026481,-1412.986750,
-13.039089,-1425.990862,-1412.951772,
-13.039089,-1425.990862,-1412.951772,
-13.037639,-1428.429286,-1415.391647,
-13.037639,-1428.429286,-1415.391647,
-13.037639,-1428.429286,-1415.391647,
-13.038428,-1425.768643,-1412.730216,
-13.038428,-1425.768643,-1412.730216,
-13.038428,-1425.768643,-1412.730216,
-13.038428,-1425.768643,-1412.730216,
-13.038428,-1425.768643,-1412.730216,
