-7.172304, -0.173889, -4.914786, 3.099943, 
-7.200784, -0.236921, -4.930307, 2.978656, 
-7.200784, -0.236921, -4.930307, 2.978656, 
-7.200784, -0.236921, -4.930307, 2.978656, 
-7.200784, -0.236921, -4.930307, 2.978656, 
-7.200784, -0.236921, -4.930307, 2.978656, 
-7.200784, -0.236921, -4.930307, 2.978656, 
-7.200784, -0.236921, -4.930307, 2.978656, 
-7.200784, -0.236921, -4.930307, 2.978656, 
-7.051850, -0.281970, -5.065249, 2.684266, 
-7.051850, -0.281970, -5.065249, 2.684266, 
-7.051850, -0.281970, -5.065249, 2.684266, 
-7.051850, -0.281970, -5.065249, 2.684266, 
-7.051850, -0.281970, -5.065249, 2.684266, 
-5.983604, -1.559381, 4.522572, 9.320753, 
-5.983604, -1.559381, 4.522572, 9.320753, 
-5.983604, -1.559381, 4.522572, 9.320753, 
-5.983604, -1.559381, 4.522572, 9.320753, 
-5.983604, -1.559381, 4.522572, 9.320753, 
-6.351737, -7.641796, 10.220675, 10.349537, 
-6.351737, -7.641796, 10.220675, 10.349537, 
-6.424167, -7.536514, 10.250544, 10.195667, 
-6.424167, -7.536514, 10.250544, 10.195667, 
-6.424167, -7.536514, 10.250544, 10.195667, 
-6.424167, -7.536514, 10.250544, 10.195667, 
-6.424167, -7.536514, 10.250544, 10.195667, 
-3.144831, 1.739170, 1.973349, 6.702641, 
-3.144831, 1.739170, 1.973349, 6.702641, 
-3.144831, 1.739170, 1.973349, 6.702641, 
-3.144831, 1.739170, 1.973349, 6.702641, 
-3.144831, 1.739170, 1.973349, 6.702641, 
-3.144831, 1.739170, 1.973349, 6.702641, 
-3.144831, 1.739170, 1.973349, 6.702641, 
-3.144831, 1.739170, 1.973349, 6.702641, 
-3.144831, 1.739170, 1.973349, 6.702641, 
-3.144831, 1.739170, 1.973349, 6.702641, 
-3.144831, 1.739170, 1.973349, 6.702641, 
-3.144831, 1.739170, 1.973349, 6.702641, 
-3.144831, 1.739170, 1.973349, 6.702641, 
-3.144831, 1.739170, 1.973349, 6.702641, 
-3.144831, 1.739170, 1.973349, 6.702641, 
-3.144831, 1.739170, 1.973349, 6.702641, 
-3.144831, 1.739170, 1.973349, 6.702641, 
-3.144831, 1.739170, 1.973349, 6.702641, 
-3.144831, 1.739170, 1.973349, 6.702641, 
-3.144831, 1.739170, 1.973349, 6.702641, 
-0.703213, 0.727419, 0.308293, 6.801972, 
-0.703213, 0.727419, 0.308293, 6.801972, 
-0.501540, 0.600709, 0.289228, 6.797109, 
-1.675061, -0.649397, 2.154068, 5.885710, 
-1.663122, -0.567126, 2.143537, 5.780505, 
-1.663122, -0.567126, 2.143537, 5.780505, 
-0.406892, -0.047564, 0.852316, 4.649770, 
-0.406892, -0.047564, 0.852316, 4.649770, 
-0.406892, -0.047564, 0.852316, 4.649770, 
-0.406892, -0.047564, 0.852316, 4.649770, 
-0.406892, -0.047564, 0.852316, 4.649770, 
-0.406892, -0.047564, 0.852316, 4.649770, 
-0.741723, 0.896389, 1.042230, 5.466145, 
-0.732944, 0.965827, 1.191081, 5.506892, 
-0.801829, 0.946405, 0.790972, 4.418307, 
-1.045734, 1.066324, 1.095621, 4.547704, 
-0.724858, 2.123225, 0.625817, 4.203796, 
-0.719199, 1.214884, 1.036671, 4.389745, 
0.120797, 2.001450, 0.661429, 3.778362, 
0.041889, 2.009158, 0.733634, 3.995315, 
-0.071705, 1.582029, 0.858391, 3.894384, 
-0.071705, 1.582029, 0.858391, 3.894384, 
0.210145, 1.632244, 0.830347, 3.525073, 
0.219459, 1.669458, 0.839350, 3.640736, 
0.480885, 1.941514, 0.929120, 4.077660, 
0.480885, 1.941514, 0.929120, 4.077660, 
0.686677, 1.988246, 0.978450, 4.038843, 
0.686677, 1.988246, 0.978450, 4.038843, 
0.686677, 1.988246, 0.978450, 4.038843, 
0.980314, 1.555038, 1.181597, 4.206860, 
0.980314, 1.555038, 1.181597, 4.206860, 
0.931777, 1.388845, 1.273217, 4.382263, 
1.124119, 1.672049, 1.269028, 4.064460, 
1.027160, 1.396556, 1.407105, 4.405237, 
0.807961, 1.639014, 1.416314, 4.610253, 
0.892113, 1.887951, 1.304829, 4.204826, 
1.012049, 1.901043, 1.338780, 4.132105, 
0.803566, 2.019690, 1.405291, 4.452950, 
0.849232, 1.994954, 1.422488, 4.524674, 
0.893480, 1.821611, 1.464950, 4.483266, 
1.035066, 1.759434, 1.501219, 4.087934, 
0.935141, 1.802414, 1.531739, 4.151344, 
0.935141, 1.802414, 1.531739, 4.151344, 
0.921818, 1.976765, 1.569071, 4.070575, 
1.047831, 1.853020, 1.677689, 3.852726, 
1.047831, 1.853020, 1.677689, 3.852726, 
1.010755, 1.845299, 1.780739, 3.827949, 
0.968796, 1.927984, 1.997790, 3.828588, 
0.872877, 1.922748, 2.013145, 3.837213, 
0.819422, 1.934324, 2.185587, 3.927503, 
0.819422, 1.934324, 2.185587, 3.927503, 
0.744708, 1.995937, 2.237436, 4.081103, 
0.783851, 2.032081, 2.272258, 4.113917, 
0.783851, 2.032081, 2.272258, 4.113917, 
0.783851, 2.032081, 2.272258, 4.113917, 
0.783851, 2.032081, 2.272258, 4.113917, 
0.783851, 2.032081, 2.272258, 4.113917, 
0.725773, 2.104884, 2.407941, 4.212799, 
0.605927, 2.214354, 2.569098, 4.274982, 
0.613189, 2.234201, 2.603606, 4.318641, 
0.664480, 2.166794, 2.505047, 4.225323, 
0.664480, 2.166794, 2.505047, 4.225323, 
0.712519, 2.237401, 2.744094, 4.223809, 
0.757972, 2.212616, 2.679209, 4.210326, 
0.757972, 2.212616, 2.679209, 4.210326, 
0.768755, 2.216654, 2.690662, 4.148375, 
0.786103, 2.212218, 2.704584, 4.096759, 
0.786103, 2.212218, 2.704584, 4.096759, 
0.786103, 2.212218, 2.704584, 4.096759, 
0.786103, 2.212218, 2.704584, 4.096759, 
1.129456, 2.057530, 2.631581, 4.165788, 
1.220983, 2.025522, 2.712346, 4.075535, 
1.208320, 2.180192, 3.063318, 3.896712, 
1.208320, 2.180192, 3.063318, 3.896712, 
1.208320, 2.180192, 3.063318, 3.896712, 
1.175906, 2.154314, 2.977092, 3.947652, 
1.175906, 2.154314, 2.977092, 3.947652, 
1.175906, 2.154314, 2.977092, 3.947652, 
1.060039, 2.019767, 2.943574, 3.813273, 
1.060039, 2.019767, 2.943574, 3.813273, 
1.060039, 2.019767, 2.943574, 3.813273, 
1.060039, 2.019767, 2.943574, 3.813273, 
1.060039, 2.019767, 2.943574, 3.813273, 
1.023335, 2.023667, 3.109800, 4.003872, 
1.023335, 2.023667, 3.109800, 4.003872, 
1.023335, 2.023667, 3.109800, 4.003872, 
1.023335, 2.023667, 3.109800, 4.003872, 
1.023335, 2.023667, 3.109800, 4.003872, 
1.023335, 2.023667, 3.109800, 4.003872, 
1.023335, 2.023667, 3.109800, 4.003872, 
1.023335, 2.023667, 3.109800, 4.003872, 
1.023335, 2.023667, 3.109800, 4.003872, 
1.023335, 2.023667, 3.109800, 4.003872, 
1.023335, 2.023667, 3.109800, 4.003872, 
1.023335, 2.023667, 3.109800, 4.003872, 
1.023335, 2.023667, 3.109800, 4.003872, 
1.023335, 2.023667, 3.109800, 4.003872, 
1.023335, 2.023667, 3.109800, 4.003872, 
0.943365, 1.998736, 3.079316, 4.137123, 
0.943365, 1.998736, 3.079316, 4.137123, 
0.943365, 1.998736, 3.079316, 4.137123, 
0.943365, 1.998736, 3.079316, 4.137123, 
1.015763, 1.988279, 3.022306, 4.090006, 
1.015763, 1.988279, 3.022306, 4.090006, 
1.015763, 1.988279, 3.022306, 4.090006, 
0.983773, 2.000419, 3.007837, 4.088390, 
0.983773, 2.000419, 3.007837, 4.088390, 
0.953210, 1.892648, 3.002875, 4.031604, 
0.953210, 1.892648, 3.002875, 4.031604, 
0.972913, 1.884937, 2.963844, 4.065974, 
0.972913, 1.884937, 2.963844, 4.065974, 
0.972913, 1.884937, 2.963844, 4.065974, 
0.938843, 1.895583, 2.966934, 4.066770, 
0.938668, 1.887311, 2.977177, 4.075921, 
0.938668, 1.887311, 2.977177, 4.075921, 
0.938668, 1.887311, 2.977177, 4.075921, 
0.938668, 1.887311, 2.977177, 4.075921, 
0.942966, 1.872674, 2.990026, 4.095012, 
0.933272, 1.891562, 3.011073, 4.135541, 
0.935073, 1.915679, 3.003811, 4.087269, 
0.935073, 1.915679, 3.003811, 4.087269, 
0.968991, 1.907018, 2.955948, 3.993395, 
0.948499, 1.933113, 2.973501, 4.002796, 
0.948499, 1.933113, 2.973501, 4.002796, 
0.948499, 1.933113, 2.973501, 4.002796, 
0.969067, 1.930606, 2.975667, 4.009669, 
0.942130, 1.943801, 3.021341, 4.022834, 
0.942130, 1.943801, 3.021341, 4.022834, 
0.942130, 1.943801, 3.021341, 4.022834, 
0.942130, 1.943801, 3.021341, 4.022834, 
0.942130, 1.943801, 3.021341, 4.022834, 
0.916503, 1.962414, 3.066544, 4.034091, 
0.978196, 1.924179, 3.028774, 4.027216, 
0.978196, 1.924179, 3.028774, 4.027216, 
0.978196, 1.924179, 3.028774, 4.027216, 
0.978196, 1.924179, 3.028774, 4.027216, 
0.978196, 1.924179, 3.028774, 4.027216, 
0.944725, 1.931171, 2.970723, 4.031991, 
0.965304, 1.938792, 2.970586, 4.046272, 
1.009929, 1.951267, 2.975650, 4.099217, 
1.023492, 1.934535, 3.045011, 4.091404, 
1.023492, 1.934535, 3.045011, 4.091404, 
1.023492, 1.934535, 3.045011, 4.091404, 
0.985846, 1.950325, 3.006668, 4.110384, 
0.985846, 1.950325, 3.006668, 4.110384, 
0.985846, 1.950325, 3.006668, 4.110384, 
1.042925, 1.924652, 3.014196, 4.088910, 
1.003685, 1.897181, 2.993682, 4.020706, 
0.970584, 1.927684, 3.005521, 4.029631, 
0.970584, 1.927684, 3.005521, 4.029631, 
0.970584, 1.927684, 3.005521, 4.029631, 
0.984070, 1.928509, 3.031797, 4.027065, 
0.984070, 1.928509, 3.031797, 4.027065, 
0.984070, 1.928509, 3.031797, 4.027065, 
0.987636, 1.919073, 3.023949, 4.015873, 
0.987636, 1.919073, 3.023949, 4.015873, 
0.987636, 1.919073, 3.023949, 4.015873, 
0.987636, 1.919073, 3.023949, 4.015873, 
0.987636, 1.919073, 3.023949, 4.015873, 
0.987636, 1.919073, 3.023949, 4.015873, 
0.987636, 1.919073, 3.023949, 4.015873, 
0.987636, 1.919073, 3.023949, 4.015873, 
0.962907, 1.938965, 3.016573, 4.011002, 
0.962907, 1.938965, 3.016573, 4.011002, 
0.970513, 1.958090, 3.003245, 4.003463, 
0.970513, 1.958090, 3.003245, 4.003463, 
0.970513, 1.958090, 3.003245, 4.003463, 
0.970513, 1.958090, 3.003245, 4.003463, 
0.970513, 1.958090, 3.003245, 4.003463, 
0.991437, 1.923011, 2.988090, 4.021814, 
0.991437, 1.923011, 2.988090, 4.021814, 
0.991437, 1.923011, 2.988090, 4.021814, 
0.987072, 1.952549, 2.979206, 4.024222, 
0.987072, 1.952549, 2.979206, 4.024222, 
0.987072, 1.952549, 2.979206, 4.024222, 
0.987072, 1.952549, 2.979206, 4.024222, 
0.987072, 1.952549, 2.979206, 4.024222, 
0.987072, 1.952549, 2.979206, 4.024222, 
0.987072, 1.952549, 2.979206, 4.024222, 
0.990383, 1.952298, 2.959442, 4.034877, 
0.984261, 1.941298, 2.971539, 4.040015, 
0.978636, 1.937825, 3.017270, 4.016746, 
0.978636, 1.937825, 3.017270, 4.016746, 
0.978636, 1.937825, 3.017270, 4.016746, 
0.960424, 1.969389, 2.999015, 4.040880, 
0.960424, 1.969389, 2.999015, 4.040880, 
0.960424, 1.969389, 2.999015, 4.040880, 
0.960424, 1.969389, 2.999015, 4.040880, 
0.960424, 1.969389, 2.999015, 4.040880, 
0.951829, 1.961972, 3.038890, 4.013295, 
0.951829, 1.961972, 3.038890, 4.013295, 
0.951829, 1.961972, 3.038890, 4.013295, 
0.951829, 1.961972, 3.038890, 4.013295, 
0.984796, 1.960601, 3.019353, 4.068835, 
0.984796, 1.960601, 3.019353, 4.068835, 
0.984796, 1.960601, 3.019353, 4.068835, 
0.984780, 1.970166, 3.020153, 4.079058, 
0.984780, 1.970166, 3.020153, 4.079058, 
0.984780, 1.970166, 3.020153, 4.079058, 
0.984780, 1.970166, 3.020153, 4.079058, 
0.955708, 1.956541, 3.020743, 4.085231, 
0.955708, 1.956541, 3.020743, 4.085231, 
0.922607, 1.914097, 3.030834, 4.045270, 
0.941215, 1.911522, 3.055077, 4.037313, 
0.941215, 1.911522, 3.055077, 4.037313, 
0.941215, 1.911522, 3.055077, 4.037313, 
0.953468, 1.952650, 3.077735, 4.018994, 
0.953468, 1.952650, 3.077735, 4.018994, 
0.997385, 1.901468, 3.050021, 4.094625, 
0.967147, 1.863564, 3.041969, 4.081322, 
0.981425, 1.875941, 2.999817, 4.091619, 
0.981425, 1.875941, 2.999817, 4.091619, 
0.981425, 1.875941, 2.999817, 4.091619, 
0.972553, 1.891115, 2.999526, 4.100987, 
0.972553, 1.891115, 2.999526, 4.100987, 
0.948160, 1.960505, 2.981862, 4.044514, 
0.952695, 1.916856, 2.941449, 4.021696, 
0.952695, 1.916856, 2.941449, 4.021696, 
0.932613, 1.937051, 2.957649, 4.034217, 
1.000882, 1.942970, 2.999410, 4.042943, 
1.002716, 1.914034, 2.978667, 4.035006, 
1.041432, 1.927370, 2.977849, 4.051659, 
1.062017, 1.942361, 2.986559, 4.060515, 
1.005900, 2.001938, 3.024204, 4.061906, 
1.005900, 2.001938, 3.024204, 4.061906, 
1.005900, 2.001938, 3.024204, 4.061906, 
1.005900, 2.001938, 3.024204, 4.061906, 
1.005333, 2.009706, 3.026596, 4.061569, 
1.005333, 2.009706, 3.026596, 4.061569, 
1.005333, 2.009706, 3.026596, 4.061569, 
1.034548, 1.965242, 3.026385, 4.072406, 
1.034548, 1.965242, 3.026385, 4.072406, 
1.034548, 1.965242, 3.026385, 4.072406, 
1.034548, 1.965242, 3.026385, 4.072406, 
1.016593, 1.927265, 3.033497, 4.055872, 
0.952654, 1.967158, 3.045640, 4.072663, 
0.952654, 1.967158, 3.045640, 4.072663, 
0.952654, 1.967158, 3.045640, 4.072663, 
0.952654, 1.967158, 3.045640, 4.072663, 
0.952654, 1.967158, 3.045640, 4.072663, 
0.952654, 1.967158, 3.045640, 4.072663, 
0.997635, 1.961680, 3.072849, 4.075065, 
0.997635, 1.961680, 3.072849, 4.075065, 
0.957912, 1.946146, 3.020891, 4.080377, 
0.957912, 1.946146, 3.020891, 4.080377, 
0.957912, 1.946146, 3.020891, 4.080377, 
0.957912, 1.946146, 3.020891, 4.080377, 
0.957912, 1.946146, 3.020891, 4.080377, 
0.957912, 1.946146, 3.020891, 4.080377, 
0.957912, 1.946146, 3.020891, 4.080377, 
0.957912, 1.946146, 3.020891, 4.080377, 
0.957912, 1.946146, 3.020891, 4.080377, 
0.957912, 1.946146, 3.020891, 4.080377, 
0.957912, 1.946146, 3.020891, 4.080377, 
1.000891, 1.957115, 3.022856, 4.081902, 
1.017286, 1.929134, 3.006345, 4.078455, 
1.017286, 1.929134, 3.006345, 4.078455, 
1.017286, 1.929134, 3.006345, 4.078455, 
0.948615, 1.905096, 3.029051, 4.082051, 
0.948615, 1.905096, 3.029051, 4.082051, 
0.948615, 1.905096, 3.029051, 4.082051, 
0.948615, 1.905096, 3.029051, 4.082051, 
1.000996, 1.904196, 3.046062, 3.998656, 
0.972185, 1.890204, 3.028711, 4.042002, 
0.972185, 1.890204, 3.028711, 4.042002, 
0.972185, 1.890204, 3.028711, 4.042002, 
0.972185, 1.890204, 3.028711, 4.042002, 
0.972185, 1.890204, 3.028711, 4.042002, 
0.972185, 1.890204, 3.028711, 4.042002, 
0.972185, 1.890204, 3.028711, 4.042002, 
0.972185, 1.890204, 3.028711, 4.042002, 
0.972185, 1.890204, 3.028711, 4.042002, 
0.972185, 1.890204, 3.028711, 4.042002, 
0.951459, 1.890469, 3.052856, 4.028603, 
1.006396, 1.903242, 3.001945, 4.045880, 
1.006396, 1.903242, 3.001945, 4.045880, 
1.006396, 1.903242, 3.001945, 4.045880, 
0.989825, 1.926271, 3.020193, 4.049963, 
0.989825, 1.926271, 3.020193, 4.049963, 
0.989825, 1.926271, 3.020193, 4.049963, 
0.989825, 1.926271, 3.020193, 4.049963, 
1.002342, 1.916484, 3.005225, 4.029959, 
0.986138, 1.910727, 3.001920, 4.064552, 
0.992159, 1.899761, 3.001136, 4.073194, 
0.992159, 1.899761, 3.001136, 4.073194, 
0.992159, 1.899761, 3.001136, 4.073194, 
0.992159, 1.899761, 3.001136, 4.073194, 
0.996822, 1.925051, 3.041149, 4.026608, 
0.996822, 1.925051, 3.041149, 4.026608, 
0.996822, 1.925051, 3.041149, 4.026608, 
0.996822, 1.925051, 3.041149, 4.026608, 
0.996822, 1.925051, 3.041149, 4.026608, 
0.996822, 1.925051, 3.041149, 4.026608, 
0.996822, 1.925051, 3.041149, 4.026608, 
0.996822, 1.925051, 3.041149, 4.026608, 
1.013623, 1.944865, 3.000223, 4.010946, 
1.013623, 1.944865, 3.000223, 4.010946, 
1.013623, 1.944865, 3.000223, 4.010946, 
1.013623, 1.944865, 3.000223, 4.010946, 
1.028627, 1.939490, 3.000708, 4.029160, 
1.028627, 1.939490, 3.000708, 4.029160, 
1.028627, 1.939490, 3.000708, 4.029160, 
1.028627, 1.939490, 3.000708, 4.029160, 
0.996569, 1.985506, 2.997278, 4.049873, 
1.004171, 1.996547, 3.058376, 4.018366, 
0.996699, 1.989103, 3.017999, 4.005416, 
1.010749, 1.973241, 3.053170, 3.996892, 
1.010749, 1.973241, 3.053170, 3.996892, 
1.010749, 1.973241, 3.053170, 3.996892, 
1.010749, 1.973241, 3.053170, 3.996892, 
1.010749, 1.973241, 3.053170, 3.996892, 
0.977513, 1.946205, 3.035613, 3.986070, 
0.988544, 1.909817, 3.061113, 4.008411, 
0.988544, 1.909817, 3.061113, 4.008411, 
0.988544, 1.909817, 3.061113, 4.008411, 
0.988544, 1.909817, 3.061113, 4.008411, 
0.988544, 1.909817, 3.061113, 4.008411, 
0.988544, 1.909817, 3.061113, 4.008411, 
0.988544, 1.909817, 3.061113, 4.008411, 
0.967827, 1.934635, 3.082654, 4.047811, 
0.967827, 1.934635, 3.082654, 4.047811, 
0.967827, 1.934635, 3.082654, 4.047811, 
0.967827, 1.934635, 3.082654, 4.047811, 
0.967827, 1.934635, 3.082654, 4.047811, 
0.967827, 1.934635, 3.082654, 4.047811, 
0.967827, 1.934635, 3.082654, 4.047811, 
0.967827, 1.934635, 3.082654, 4.047811, 
0.967827, 1.934635, 3.082654, 4.047811, 
0.967827, 1.934635, 3.082654, 4.047811, 
0.967827, 1.934635, 3.082654, 4.047811, 
0.967827, 1.934635, 3.082654, 4.047811, 
0.967827, 1.934635, 3.082654, 4.047811, 
0.985372, 1.927825, 3.066138, 4.070680, 
1.001171, 1.932234, 3.020626, 4.055512, 
1.001171, 1.932234, 3.020626, 4.055512, 
1.001171, 1.932234, 3.020626, 4.055512, 
1.001171, 1.932234, 3.020626, 4.055512, 
1.001171, 1.932234, 3.020626, 4.055512, 
1.001171, 1.932234, 3.020626, 4.055512, 
1.001171, 1.932234, 3.020626, 4.055512, 
1.001171, 1.932234, 3.020626, 4.055512, 
1.001171, 1.932234, 3.020626, 4.055512, 
1.001171, 1.932234, 3.020626, 4.055512, 
1.001171, 1.932234, 3.020626, 4.055512, 
1.001171, 1.932234, 3.020626, 4.055512, 
1.001171, 1.932234, 3.020626, 4.055512, 
1.001171, 1.932234, 3.020626, 4.055512, 
1.012949, 1.944440, 2.971252, 4.007345, 
1.012949, 1.944440, 2.971252, 4.007345, 
1.012949, 1.944440, 2.971252, 4.007345, 
1.012949, 1.944440, 2.971252, 4.007345, 
1.012949, 1.944440, 2.971252, 4.007345, 
1.012949, 1.944440, 2.971252, 4.007345, 
0.968330, 1.906773, 2.984794, 4.030160, 
0.968330, 1.906773, 2.984794, 4.030160, 
0.968330, 1.906773, 2.984794, 4.030160, 
0.968330, 1.906773, 2.984794, 4.030160, 
0.968330, 1.906773, 2.984794, 4.030160, 
0.968330, 1.906773, 2.984794, 4.030160, 
0.968330, 1.906773, 2.984794, 4.030160, 
0.968330, 1.906773, 2.984794, 4.030160, 
0.968330, 1.906773, 2.984794, 4.030160, 
0.968330, 1.906773, 2.984794, 4.030160, 
0.997658, 1.917583, 3.006223, 4.015528, 
0.997658, 1.917583, 3.006223, 4.015528, 
0.997658, 1.917583, 3.006223, 4.015528, 
0.997658, 1.917583, 3.006223, 4.015528, 
1.031467, 1.938770, 3.028468, 4.035758, 
0.949013, 1.978985, 3.015714, 4.016094, 
0.949013, 1.978985, 3.015714, 4.016094, 
0.949013, 1.978985, 3.015714, 4.016094, 
0.949013, 1.978985, 3.015714, 4.016094, 
0.949013, 1.978985, 3.015714, 4.016094, 
0.949013, 1.978985, 3.015714, 4.016094, 
0.949013, 1.978985, 3.015714, 4.016094, 
0.977989, 1.919549, 3.007687, 4.069989, 
0.977989, 1.919549, 3.007687, 4.069989, 
0.977989, 1.919549, 3.007687, 4.069989, 
0.977989, 1.919549, 3.007687, 4.069989, 
0.977989, 1.919549, 3.007687, 4.069989, 
0.977989, 1.919549, 3.007687, 4.069989, 
1.002731, 1.942520, 3.000834, 4.090826, 
1.002731, 1.942520, 3.000834, 4.090826, 
1.002731, 1.942520, 3.000834, 4.090826, 
1.002731, 1.942520, 3.000834, 4.090826, 
1.002731, 1.942520, 3.000834, 4.090826, 
1.002731, 1.942520, 3.000834, 4.090826, 
1.002731, 1.942520, 3.000834, 4.090826, 
1.002731, 1.942520, 3.000834, 4.090826, 
1.002731, 1.942520, 3.000834, 4.090826, 
0.996216, 1.966498, 2.983609, 4.077300, 
0.996216, 1.966498, 2.983609, 4.077300, 
0.976517, 1.964053, 2.962768, 4.041287, 
0.976517, 1.964053, 2.962768, 4.041287, 
0.976517, 1.964053, 2.962768, 4.041287, 
0.976517, 1.964053, 2.962768, 4.041287, 
0.976517, 1.964053, 2.962768, 4.041287, 
0.976517, 1.964053, 2.962768, 4.041287, 
0.976517, 1.964053, 2.962768, 4.041287, 
0.976517, 1.964053, 2.962768, 4.041287, 
0.953102, 1.942947, 2.953675, 4.027035, 
0.919476, 1.959429, 2.979805, 4.071124, 
0.919476, 1.959429, 2.979805, 4.071124, 
0.919476, 1.959429, 2.979805, 4.071124, 
0.919476, 1.959429, 2.979805, 4.071124, 
0.915177, 1.964876, 2.977444, 4.036036, 
0.915177, 1.964876, 2.977444, 4.036036, 
0.915177, 1.964876, 2.977444, 4.036036, 
0.915177, 1.964876, 2.977444, 4.036036, 
0.915177, 1.964876, 2.977444, 4.036036, 
0.915177, 1.964876, 2.977444, 4.036036, 
0.935723, 1.966211, 2.969040, 3.988065, 
0.924441, 1.965776, 3.001294, 4.023253, 
0.924441, 1.965776, 3.001294, 4.023253, 
0.947215, 1.947656, 3.015096, 4.004223, 
0.947215, 1.947656, 3.015096, 4.004223, 
0.947215, 1.947656, 3.015096, 4.004223, 
0.947215, 1.947656, 3.015096, 4.004223, 
0.981927, 1.966713, 3.041361, 4.038828, 
0.984968, 1.974791, 3.018349, 4.010718, 
0.984968, 1.974791, 3.018349, 4.010718, 
0.984968, 1.974791, 3.018349, 4.010718, 
0.984968, 1.974791, 3.018349, 4.010718, 
0.984968, 1.974791, 3.018349, 4.010718, 
0.973646, 1.949203, 3.024825, 4.053871, 
0.973646, 1.949203, 3.024825, 4.053871, 
0.973646, 1.949203, 3.024825, 4.053871, 
0.973646, 1.949203, 3.024825, 4.053871, 
0.973646, 1.949203, 3.024825, 4.053871, 
0.973646, 1.949203, 3.024825, 4.053871, 
0.973646, 1.949203, 3.024825, 4.053871, 
0.967630, 1.925455, 3.026418, 4.058024, 
0.967630, 1.925455, 3.026418, 4.058024, 
0.967630, 1.925455, 3.026418, 4.058024, 
1.005256, 1.955170, 3.032457, 4.027614, 
1.005256, 1.955170, 3.032457, 4.027614, 
1.005256, 1.955170, 3.032457, 4.027614, 
1.005256, 1.955170, 3.032457, 4.027614, 
0.983775, 1.947723, 3.020785, 4.081009, 
0.983775, 1.947723, 3.020785, 4.081009, 
0.983775, 1.947723, 3.020785, 4.081009, 
0.996731, 1.933341, 3.005130, 4.051127, 
0.985017, 1.918806, 2.993233, 4.022799, 
0.969464, 1.940574, 2.969575, 4.032689, 
0.969464, 1.940574, 2.969575, 4.032689, 
0.969464, 1.940574, 2.969575, 4.032689, 
0.962002, 1.936065, 3.008847, 4.006588, 
0.962002, 1.936065, 3.008847, 4.006588, 
0.962002, 1.936065, 3.008847, 4.006588, 
0.962002, 1.936065, 3.008847, 4.006588, 
0.962002, 1.936065, 3.008847, 4.006588, 
1.019152, 1.937817, 2.989449, 4.055503, 
1.019152, 1.937817, 2.989449, 4.055503, 
1.019152, 1.937817, 2.989449, 4.055503, 
1.019152, 1.937817, 2.989449, 4.055503, 
1.019152, 1.937817, 2.989449, 4.055503, 
1.011035, 1.916687, 3.029452, 4.030071, 
1.008252, 1.957440, 2.998760, 4.056262, 
1.016605, 1.937414, 3.023619, 4.066953, 
1.016605, 1.937414, 3.023619, 4.066953, 
1.016605, 1.937414, 3.023619, 4.066953, 
1.016605, 1.937414, 3.023619, 4.066953, 
1.044176, 1.913598, 2.992414, 4.074471, 
1.044176, 1.913598, 2.992414, 4.074471, 
1.044176, 1.913598, 2.992414, 4.074471, 
1.044176, 1.913598, 2.992414, 4.074471, 
1.019490, 1.927395, 3.033789, 4.036830, 
1.019490, 1.927395, 3.033789, 4.036830, 
1.019490, 1.927395, 3.033789, 4.036830, 
1.019490, 1.927395, 3.033789, 4.036830, 
0.989561, 1.938241, 3.043334, 4.057582, 
0.989561, 1.938241, 3.043334, 4.057582, 
0.989561, 1.938241, 3.043334, 4.057582, 
0.989561, 1.938241, 3.043334, 4.057582, 
1.004335, 1.918792, 3.038029, 4.063829, 
1.004335, 1.918792, 3.038029, 4.063829, 
1.004335, 1.918792, 3.038029, 4.063829, 
1.004335, 1.918792, 3.038029, 4.063829, 
1.004335, 1.918792, 3.038029, 4.063829, 
1.004335, 1.918792, 3.038029, 4.063829, 
1.004335, 1.918792, 3.038029, 4.063829, 
1.004335, 1.918792, 3.038029, 4.063829, 
1.004335, 1.918792, 3.038029, 4.063829, 
1.004335, 1.918792, 3.038029, 4.063829, 
1.004335, 1.918792, 3.038029, 4.063829, 
1.004335, 1.918792, 3.038029, 4.063829, 
0.990086, 1.904994, 2.968216, 4.049668, 
0.990086, 1.904994, 2.968216, 4.049668, 
0.990086, 1.904994, 2.968216, 4.049668, 
0.990086, 1.904994, 2.968216, 4.049668, 
0.990086, 1.904994, 2.968216, 4.049668, 
0.990086, 1.904994, 2.968216, 4.049668, 
0.964915, 1.994966, 3.019841, 4.051679, 
0.964915, 1.994966, 3.019841, 4.051679, 
0.964915, 1.994966, 3.019841, 4.051679, 
0.964915, 1.994966, 3.019841, 4.051679, 
0.964915, 1.994966, 3.019841, 4.051679, 
0.981879, 1.920779, 3.007999, 4.080098, 
0.981879, 1.920779, 3.007999, 4.080098, 
0.997637, 1.943825, 3.038334, 4.094241, 
0.997637, 1.943825, 3.038334, 4.094241, 
1.030182, 1.939779, 3.034850, 4.063938, 
1.030182, 1.939779, 3.034850, 4.063938, 
1.030182, 1.939779, 3.034850, 4.063938, 
1.030182, 1.939779, 3.034850, 4.063938, 
1.030182, 1.939779, 3.034850, 4.063938, 
1.030182, 1.939779, 3.034850, 4.063938, 
1.030182, 1.939779, 3.034850, 4.063938, 
1.030182, 1.939779, 3.034850, 4.063938, 
1.004235, 1.921484, 3.031062, 4.058524, 
1.004235, 1.921484, 3.031062, 4.058524, 
1.004235, 1.921484, 3.031062, 4.058524, 
1.004235, 1.921484, 3.031062, 4.058524, 
1.004235, 1.921484, 3.031062, 4.058524, 
1.021882, 1.932009, 3.009986, 4.046584, 
1.021882, 1.932009, 3.009986, 4.046584, 
1.021882, 1.932009, 3.009986, 4.046584, 
1.021882, 1.932009, 3.009986, 4.046584, 
1.021882, 1.932009, 3.009986, 4.046584, 
1.036881, 1.923961, 3.019606, 4.071774, 
1.035971, 1.907080, 2.998407, 4.074062, 
1.035971, 1.907080, 2.998407, 4.074062, 
1.008991, 1.957183, 2.999983, 4.076676, 
1.003941, 1.954006, 2.984411, 4.053579, 
1.003941, 1.954006, 2.984411, 4.053579, 
1.003941, 1.954006, 2.984411, 4.053579, 
1.003941, 1.954006, 2.984411, 4.053579, 
1.003941, 1.954006, 2.984411, 4.053579, 
1.003941, 1.954006, 2.984411, 4.053579, 
1.003941, 1.954006, 2.984411, 4.053579, 
1.028703, 1.905990, 3.003257, 4.060547, 
1.028703, 1.905990, 3.003257, 4.060547, 
1.028703, 1.905990, 3.003257, 4.060547, 
1.028703, 1.905990, 3.003257, 4.060547, 
1.017346, 1.906965, 3.014213, 4.049241, 
1.017346, 1.906965, 3.014213, 4.049241, 
1.017346, 1.906965, 3.014213, 4.049241, 
1.025065, 1.927098, 2.999219, 4.083409, 
1.029239, 1.952438, 2.957180, 4.085447, 
1.029239, 1.952438, 2.957180, 4.085447, 
1.029239, 1.952438, 2.957180, 4.085447, 
1.003205, 1.931624, 2.997075, 4.119317, 
0.997781, 1.909559, 2.964726, 4.107138, 
1.008439, 1.898992, 2.969377, 4.081362, 
1.039213, 1.907817, 3.020816, 4.075541, 
0.993436, 1.903246, 3.054002, 4.068306, 
0.993436, 1.903246, 3.054002, 4.068306, 
0.993436, 1.903246, 3.054002, 4.068306, 
0.945174, 1.899263, 3.032735, 4.130486, 
0.945174, 1.899263, 3.032735, 4.130486, 
0.964119, 1.965418, 3.074654, 4.105132, 
0.978451, 1.956493, 3.065813, 4.073022, 
1.014982, 1.927403, 3.039184, 4.049399, 
1.014982, 1.927403, 3.039184, 4.049399, 
1.014982, 1.927403, 3.039184, 4.049399, 
1.014982, 1.927403, 3.039184, 4.049399, 
1.014982, 1.927403, 3.039184, 4.049399, 
1.014982, 1.927403, 3.039184, 4.049399, 
1.014982, 1.927403, 3.039184, 4.049399, 
1.014982, 1.927403, 3.039184, 4.049399, 
1.014982, 1.927403, 3.039184, 4.049399, 
1.014982, 1.927403, 3.039184, 4.049399, 
1.014982, 1.927403, 3.039184, 4.049399, 
1.014982, 1.927403, 3.039184, 4.049399, 
1.014982, 1.927403, 3.039184, 4.049399, 
1.014982, 1.927403, 3.039184, 4.049399, 
0.967273, 1.900289, 3.040529, 4.093270, 
0.971363, 1.918282, 3.006700, 4.056807, 
0.971363, 1.918282, 3.006700, 4.056807, 
0.971363, 1.918282, 3.006700, 4.056807, 
0.971363, 1.918282, 3.006700, 4.056807, 
0.971363, 1.918282, 3.006700, 4.056807, 
0.971363, 1.918282, 3.006700, 4.056807, 
0.971363, 1.918282, 3.006700, 4.056807, 
0.971363, 1.918282, 3.006700, 4.056807, 
0.945783, 1.922504, 2.965177, 4.049317, 
0.945783, 1.922504, 2.965177, 4.049317, 
0.996245, 1.921451, 2.984853, 4.061557, 
0.943187, 1.893508, 2.976456, 4.039898, 
0.943187, 1.893508, 2.976456, 4.039898, 
0.943187, 1.893508, 2.976456, 4.039898, 
0.943187, 1.893508, 2.976456, 4.039898, 
0.943187, 1.893508, 2.976456, 4.039898, 
0.943187, 1.893508, 2.976456, 4.039898, 
1.011278, 1.973365, 2.974000, 4.007995, 
1.011278, 1.973365, 2.974000, 4.007995, 
1.011278, 1.973365, 2.974000, 4.007995, 
1.011278, 1.973365, 2.974000, 4.007995, 
1.011278, 1.973365, 2.974000, 4.007995, 
0.973161, 1.946897, 3.062910, 3.980496, 
0.973161, 1.946897, 3.062910, 3.980496, 
1.000090, 1.892258, 3.005163, 4.044408, 
1.000090, 1.892258, 3.005163, 4.044408, 
0.996219, 1.920753, 3.045865, 4.039388, 
0.996219, 1.920753, 3.045865, 4.039388, 
1.012723, 1.920102, 3.030663, 4.067109, 
1.012723, 1.920102, 3.030663, 4.067109, 
1.012723, 1.920102, 3.030663, 4.067109, 
1.012723, 1.920102, 3.030663, 4.067109, 
1.012723, 1.920102, 3.030663, 4.067109, 
1.012723, 1.920102, 3.030663, 4.067109, 
1.012723, 1.920102, 3.030663, 4.067109, 
1.012723, 1.920102, 3.030663, 4.067109, 
1.012723, 1.920102, 3.030663, 4.067109, 
1.022288, 1.925905, 3.000638, 4.016174, 
0.975083, 1.907992, 2.986578, 4.036532, 
0.996480, 1.914615, 3.014668, 4.030028, 
0.996480, 1.914615, 3.014668, 4.030028, 
0.996480, 1.914615, 3.014668, 4.030028, 
1.011884, 1.930722, 3.059084, 4.033983, 
1.011884, 1.930722, 3.059084, 4.033983, 
1.011884, 1.930722, 3.059084, 4.033983, 
0.959357, 1.985154, 3.022608, 4.069327, 
0.959357, 1.985154, 3.022608, 4.069327, 
0.959357, 1.985154, 3.022608, 4.069327, 
0.959357, 1.985154, 3.022608, 4.069327, 
0.959357, 1.985154, 3.022608, 4.069327, 
0.964988, 1.951833, 3.017285, 3.985927, 
0.998662, 1.978966, 3.023851, 4.006678, 
0.998662, 1.978966, 3.023851, 4.006678, 
0.998662, 1.978966, 3.023851, 4.006678, 
0.985883, 1.967460, 2.994257, 4.059017, 
0.985883, 1.967460, 2.994257, 4.059017, 
0.985883, 1.967460, 2.994257, 4.059017, 
1.008387, 1.948950, 3.015409, 4.064135, 
0.997604, 1.893052, 3.017899, 4.032755, 
0.997604, 1.893052, 3.017899, 4.032755, 
0.987592, 1.889004, 2.995074, 4.008744, 
0.997052, 1.916102, 2.977111, 4.045724, 
0.997052, 1.916102, 2.977111, 4.045724, 
0.999010, 1.945232, 3.001844, 4.060113, 
1.002767, 1.953828, 2.981970, 4.080763, 
1.002767, 1.953828, 2.981970, 4.080763, 
0.968956, 1.974779, 2.988297, 4.056380, 
0.968956, 1.974779, 2.988297, 4.056380, 
0.968956, 1.974779, 2.988297, 4.056380, 
0.971546, 1.933019, 3.002752, 4.054280, 
0.971546, 1.933019, 3.002752, 4.054280, 
0.971546, 1.933019, 3.002752, 4.054280, 
0.971546, 1.933019, 3.002752, 4.054280, 
0.971546, 1.933019, 3.002752, 4.054280, 
0.961209, 1.936279, 3.034157, 4.074194, 
0.961209, 1.936279, 3.034157, 4.074194, 
0.961209, 1.936279, 3.034157, 4.074194, 
0.961209, 1.936279, 3.034157, 4.074194, 
0.961209, 1.936279, 3.034157, 4.074194, 
0.961209, 1.936279, 3.034157, 4.074194, 
0.958884, 1.921053, 2.982756, 4.073660, 
0.958884, 1.921053, 2.982756, 4.073660, 
1.001844, 1.924596, 3.022835, 4.049807, 
0.996999, 1.924219, 3.075295, 4.051190, 
0.996999, 1.924219, 3.075295, 4.051190, 
1.016714, 1.928006, 3.091632, 4.082352, 
0.979789, 1.933370, 3.066695, 4.106069, 
0.979789, 1.933370, 3.066695, 4.106069, 
0.979789, 1.933370, 3.066695, 4.106069, 
0.979789, 1.933370, 3.066695, 4.106069, 
0.979789, 1.933370, 3.066695, 4.106069, 
1.027368, 1.928834, 3.070773, 4.086037, 
1.027368, 1.928834, 3.070773, 4.086037, 
1.027368, 1.928834, 3.070773, 4.086037, 
1.027985, 1.910958, 3.032172, 4.105965, 
1.027985, 1.910958, 3.032172, 4.105965, 
1.025825, 1.941089, 2.990246, 4.134402, 
1.025825, 1.941089, 2.990246, 4.134402, 
1.025825, 1.941089, 2.990246, 4.134402, 
1.025825, 1.941089, 2.990246, 4.134402, 
1.031256, 1.981666, 3.010369, 4.098687, 
1.031256, 1.981666, 3.010369, 4.098687, 
1.031256, 1.981666, 3.010369, 4.098687, 
1.014452, 1.980941, 3.061739, 4.078124, 
1.014452, 1.980941, 3.061739, 4.078124, 
1.014452, 1.980941, 3.061739, 4.078124, 
1.009473, 1.948101, 3.011928, 4.099110, 
1.009473, 1.948101, 3.011928, 4.099110, 
1.009473, 1.948101, 3.011928, 4.099110, 
1.009473, 1.948101, 3.011928, 4.099110, 
1.009473, 1.948101, 3.011928, 4.099110, 
1.009473, 1.948101, 3.011928, 4.099110, 
1.009473, 1.948101, 3.011928, 4.099110, 
1.009473, 1.948101, 3.011928, 4.099110, 
1.009473, 1.948101, 3.011928, 4.099110, 
1.009473, 1.948101, 3.011928, 4.099110, 
1.009473, 1.948101, 3.011928, 4.099110, 
1.014026, 1.922413, 3.060668, 4.077122, 
1.014026, 1.922413, 3.060668, 4.077122, 
1.014026, 1.922413, 3.060668, 4.077122, 
1.014026, 1.922413, 3.060668, 4.077122, 
1.014026, 1.922413, 3.060668, 4.077122, 
1.014026, 1.922413, 3.060668, 4.077122, 
1.026940, 1.943966, 3.071579, 4.074291, 
1.026940, 1.943966, 3.071579, 4.074291, 
1.026940, 1.943966, 3.071579, 4.074291, 
1.026940, 1.943966, 3.071579, 4.074291, 
1.026940, 1.943966, 3.071579, 4.074291, 
1.026940, 1.943966, 3.071579, 4.074291, 
1.024155, 1.954615, 3.055768, 4.055562, 
1.024155, 1.954615, 3.055768, 4.055562, 
1.024155, 1.954615, 3.055768, 4.055562, 
1.024155, 1.954615, 3.055768, 4.055562, 
1.024155, 1.954615, 3.055768, 4.055562, 
1.024155, 1.954615, 3.055768, 4.055562, 
1.026740, 1.971301, 3.079527, 4.072181, 
1.061468, 1.921466, 3.049921, 4.076799, 
1.061468, 1.921466, 3.049921, 4.076799, 
1.087728, 1.928029, 3.046064, 4.037355, 
1.087728, 1.928029, 3.046064, 4.037355, 
1.047199, 1.867524, 3.034059, 4.014417, 
1.007320, 1.937555, 3.086964, 4.001024, 
1.007320, 1.937555, 3.086964, 4.001024, 
0.997697, 1.933558, 3.099911, 4.028034, 
0.997697, 1.933558, 3.099911, 4.028034, 
0.997697, 1.933558, 3.099911, 4.028034, 
0.997697, 1.933558, 3.099911, 4.028034, 
0.975917, 1.978091, 3.080347, 4.052679, 
0.975917, 1.978091, 3.080347, 4.052679, 
0.975887, 1.963013, 3.084920, 4.026634, 
0.981460, 1.991821, 3.098097, 4.017828, 
0.981460, 1.991821, 3.098097, 4.017828, 
0.981460, 1.991821, 3.098097, 4.017828, 
0.973474, 1.963691, 3.098045, 3.992122, 
0.973474, 1.963691, 3.098045, 3.992122, 
0.973474, 1.963691, 3.098045, 3.992122, 
1.006124, 1.965514, 3.067810, 3.963964, 
1.042527, 1.909232, 3.027748, 3.953963, 
1.034146, 1.903414, 3.001660, 3.955901, 
0.974934, 1.884157, 3.041971, 3.987306, 
0.974934, 1.884157, 3.041971, 3.987306, 
0.961073, 1.924791, 3.051009, 3.979874, 
0.965123, 1.876410, 2.985989, 4.043719, 
0.965123, 1.876410, 2.985989, 4.043719, 
0.965123, 1.876410, 2.985989, 4.043719, 
0.970842, 1.885071, 2.997543, 4.039981, 
0.973162, 1.899694, 2.989090, 4.007084, 
0.973162, 1.899694, 2.989090, 4.007084, 
0.973162, 1.899694, 2.989090, 4.007084, 
0.964225, 1.887382, 2.973056, 4.041837, 
0.964225, 1.887382, 2.973056, 4.041837, 
0.964225, 1.887382, 2.973056, 4.041837, 
0.964225, 1.887382, 2.973056, 4.041837, 
0.964225, 1.887382, 2.973056, 4.041837, 
0.987567, 1.910963, 3.002220, 4.030423, 
0.987567, 1.910963, 3.002220, 4.030423, 
0.987567, 1.910963, 3.002220, 4.030423, 
0.987567, 1.910963, 3.002220, 4.030423, 
0.987567, 1.910963, 3.002220, 4.030423, 
0.987567, 1.910963, 3.002220, 4.030423, 
0.956818, 1.904586, 3.004658, 4.033041, 
0.956818, 1.904586, 3.004658, 4.033041, 
0.956818, 1.904586, 3.004658, 4.033041, 
0.941785, 1.930552, 2.989963, 4.038928, 
0.941785, 1.930552, 2.989963, 4.038928, 
0.929806, 1.940488, 2.989424, 4.013915, 
0.936345, 1.944096, 2.997334, 3.985822, 
0.936345, 1.944096, 2.997334, 3.985822, 
0.936345, 1.944096, 2.997334, 3.985822, 
0.936345, 1.944096, 2.997334, 3.985822, 
0.936345, 1.944096, 2.997334, 3.985822, 
0.936345, 1.944096, 2.997334, 3.985822, 
0.936345, 1.944096, 2.997334, 3.985822, 
0.960938, 1.912827, 3.042506, 4.001847, 
0.960938, 1.912827, 3.042506, 4.001847, 
0.960938, 1.912827, 3.042506, 4.001847, 
0.960938, 1.912827, 3.042506, 4.001847, 
0.960938, 1.912827, 3.042506, 4.001847, 
0.957684, 1.931248, 3.020076, 4.010485, 
0.957684, 1.931248, 3.020076, 4.010485, 
0.957684, 1.931248, 3.020076, 4.010485, 
0.957684, 1.931248, 3.020076, 4.010485, 
1.007564, 1.943653, 3.024229, 4.028241, 
1.007564, 1.943653, 3.024229, 4.028241, 
1.007564, 1.943653, 3.024229, 4.028241, 
1.007564, 1.943653, 3.024229, 4.028241, 
1.007564, 1.943653, 3.024229, 4.028241, 
1.007564, 1.943653, 3.024229, 4.028241, 
1.007564, 1.943653, 3.024229, 4.028241, 
1.007564, 1.943653, 3.024229, 4.028241, 
1.007564, 1.943653, 3.024229, 4.028241, 
1.007564, 1.943653, 3.024229, 4.028241, 
1.007564, 1.943653, 3.024229, 4.028241, 
1.007564, 1.943653, 3.024229, 4.028241, 
1.007564, 1.943653, 3.024229, 4.028241, 
1.007564, 1.943653, 3.024229, 4.028241, 
1.007564, 1.943653, 3.024229, 4.028241, 
1.007564, 1.943653, 3.024229, 4.028241, 
1.007564, 1.943653, 3.024229, 4.028241, 
1.007564, 1.943653, 3.024229, 4.028241, 
1.007564, 1.943653, 3.024229, 4.028241, 
1.007564, 1.943653, 3.024229, 4.028241, 
1.007564, 1.943653, 3.024229, 4.028241, 
1.007564, 1.943653, 3.024229, 4.028241, 
1.007564, 1.943653, 3.024229, 4.028241, 
0.999434, 1.940183, 3.007055, 4.059191, 
0.989592, 1.940516, 3.003527, 4.073574, 
0.989592, 1.940516, 3.003527, 4.073574, 
0.989592, 1.940516, 3.003527, 4.073574, 
0.989592, 1.940516, 3.003527, 4.073574, 
0.982665, 1.931503, 2.983715, 4.072063, 
0.982665, 1.931503, 2.983715, 4.072063, 
0.989182, 1.917615, 2.998889, 4.081193, 
0.989182, 1.917615, 2.998889, 4.081193, 
0.989182, 1.917615, 2.998889, 4.081193, 
0.989182, 1.917615, 2.998889, 4.081193, 
0.989182, 1.917615, 2.998889, 4.081193, 
0.964276, 1.881106, 3.021595, 4.098987, 
0.963932, 1.885241, 3.011416, 4.073975, 
0.939396, 1.928632, 3.019207, 4.085843, 
0.939396, 1.928632, 3.019207, 4.085843, 
0.939396, 1.928632, 3.019207, 4.085843, 
0.939396, 1.928632, 3.019207, 4.085843, 
0.939396, 1.928632, 3.019207, 4.085843, 
0.932959, 1.928122, 3.013861, 4.067002, 
0.932959, 1.928122, 3.013861, 4.067002, 
0.940446, 1.921789, 3.005515, 4.068883, 
0.951104, 1.986937, 3.038597, 4.079277, 
0.951104, 1.986937, 3.038597, 4.079277, 
0.951104, 1.986937, 3.038597, 4.079277, 
0.951104, 1.986937, 3.038597, 4.079277, 
0.951104, 1.986937, 3.038597, 4.079277, 
0.906362, 1.964780, 3.022662, 4.065152, 
0.926430, 1.980150, 3.042907, 4.039981, 
0.926430, 1.980150, 3.042907, 4.039981, 
0.926430, 1.980150, 3.042907, 4.039981, 
0.926430, 1.980150, 3.042907, 4.039981, 
0.926430, 1.980150, 3.042907, 4.039981, 
0.926430, 1.980150, 3.042907, 4.039981, 
0.926430, 1.980150, 3.042907, 4.039981, 
0.927525, 1.965654, 3.004614, 4.048854, 
0.965935, 1.960478, 3.009176, 4.030109, 
0.959768, 1.977047, 3.006830, 4.047708, 
0.959768, 1.977047, 3.006830, 4.047708, 
0.959768, 1.977047, 3.006830, 4.047708, 
0.959768, 1.977047, 3.006830, 4.047708, 
0.959768, 1.977047, 3.006830, 4.047708, 
0.959768, 1.977047, 3.006830, 4.047708, 
0.959768, 1.977047, 3.006830, 4.047708, 
0.959768, 1.977047, 3.006830, 4.047708, 
0.964543, 1.914305, 3.038399, 4.030428, 
0.961247, 1.946394, 3.073593, 4.011453, 
0.961247, 1.946394, 3.073593, 4.011453, 
0.961247, 1.946394, 3.073593, 4.011453, 
0.961247, 1.946394, 3.073593, 4.011453, 
0.938763, 1.954872, 3.021658, 3.968105, 
0.938763, 1.954872, 3.021658, 3.968105, 
0.935749, 1.961270, 3.063489, 4.007269, 
0.965918, 1.944721, 3.035620, 4.001537, 
0.965918, 1.944721, 3.035620, 4.001537, 
1.033919, 1.958847, 3.077958, 4.055716, 
1.033919, 1.958847, 3.077958, 4.055716, 
1.033919, 1.958847, 3.077958, 4.055716, 
1.015561, 1.932788, 3.068759, 4.067701, 
1.015561, 1.932788, 3.068759, 4.067701, 
0.956631, 1.929997, 3.073465, 4.053781, 
0.976198, 1.921691, 3.072126, 4.050625, 
0.976198, 1.921691, 3.072126, 4.050625, 
0.976198, 1.921691, 3.072126, 4.050625, 
0.946247, 1.935522, 3.053188, 4.017688, 
0.954906, 1.897249, 3.005045, 4.023533, 
0.954906, 1.897249, 3.005045, 4.023533, 
0.954906, 1.897249, 3.005045, 4.023533, 
0.954906, 1.897249, 3.005045, 4.023533, 
0.954906, 1.897249, 3.005045, 4.023533, 
0.984309, 1.877863, 3.004300, 4.035598, 
0.984309, 1.877863, 3.004300, 4.035598, 
0.984309, 1.877863, 3.004300, 4.035598, 
0.984309, 1.877863, 3.004300, 4.035598, 
1.011485, 1.894648, 3.022698, 4.051452, 
1.011485, 1.894648, 3.022698, 4.051452, 
1.011485, 1.894648, 3.022698, 4.051452, 
0.948221, 1.916451, 2.995796, 4.048257, 
0.948221, 1.916451, 2.995796, 4.048257, 
0.948221, 1.916451, 2.995796, 4.048257, 
0.948221, 1.916451, 2.995796, 4.048257, 
0.948221, 1.916451, 2.995796, 4.048257, 
0.948221, 1.916451, 2.995796, 4.048257, 
0.948221, 1.916451, 2.995796, 4.048257, 
0.948221, 1.916451, 2.995796, 4.048257, 
0.948221, 1.916451, 2.995796, 4.048257, 
0.937629, 1.924373, 3.043631, 4.062873, 
0.937629, 1.924373, 3.043631, 4.062873, 
0.937629, 1.924373, 3.043631, 4.062873, 
0.937629, 1.924373, 3.043631, 4.062873, 
0.937629, 1.924373, 3.043631, 4.062873, 
0.937629, 1.924373, 3.043631, 4.062873, 
0.937629, 1.924373, 3.043631, 4.062873, 
0.937629, 1.924373, 3.043631, 4.062873, 
0.937629, 1.924373, 3.043631, 4.062873, 
0.937629, 1.924373, 3.043631, 4.062873, 
0.960392, 1.931415, 2.971465, 4.053706, 
0.960392, 1.931415, 2.971465, 4.053706, 
0.960392, 1.931415, 2.971465, 4.053706, 
0.960392, 1.931415, 2.971465, 4.053706, 
0.986830, 1.940368, 2.988585, 4.030488, 
0.986830, 1.940368, 2.988585, 4.030488, 
1.001542, 1.946213, 3.038245, 4.071955, 
1.001542, 1.946213, 3.038245, 4.071955, 
0.989700, 1.935866, 2.999859, 4.066312, 
1.001872, 1.920070, 3.037687, 4.054638, 
0.941439, 1.937268, 3.025244, 4.078217, 
0.941439, 1.937268, 3.025244, 4.078217, 
0.941439, 1.937268, 3.025244, 4.078217, 
0.941439, 1.937268, 3.025244, 4.078217, 
0.954923, 1.958349, 3.038810, 4.055324, 
0.996915, 1.928554, 2.998965, 4.022877, 
0.996915, 1.928554, 2.998965, 4.022877, 
0.996915, 1.928554, 2.998965, 4.022877, 
0.970682, 1.931767, 3.022639, 4.006620, 
0.970682, 1.931767, 3.022639, 4.006620, 
0.970682, 1.931767, 3.022639, 4.006620, 
0.970682, 1.931767, 3.022639, 4.006620, 
0.928226, 1.965033, 3.111201, 4.016032, 
0.928226, 1.965033, 3.111201, 4.016032, 
0.928226, 1.965033, 3.111201, 4.016032, 
0.949421, 1.947065, 3.095724, 4.105269, 
0.949421, 1.947065, 3.095724, 4.105269, 
0.949421, 1.947065, 3.095724, 4.105269, 
0.949421, 1.947065, 3.095724, 4.105269, 
0.949421, 1.947065, 3.095724, 4.105269, 
0.949421, 1.947065, 3.095724, 4.105269, 
0.949421, 1.947065, 3.095724, 4.105269, 
0.949421, 1.947065, 3.095724, 4.105269, 
0.949421, 1.947065, 3.095724, 4.105269, 
0.949421, 1.947065, 3.095724, 4.105269, 
0.990604, 1.913427, 3.109656, 4.093636, 
0.982213, 1.908464, 3.120284, 4.045533, 
0.982213, 1.908464, 3.120284, 4.045533, 
0.982213, 1.908464, 3.120284, 4.045533, 
0.982213, 1.908464, 3.120284, 4.045533, 
0.998979, 1.892790, 3.101312, 4.074549, 
1.005239, 1.913372, 3.038438, 4.090872, 
0.964452, 1.892443, 3.029365, 4.060752, 
0.964452, 1.892443, 3.029365, 4.060752, 
0.964452, 1.892443, 3.029365, 4.060752, 
0.980615, 1.899743, 2.992805, 4.079240, 
0.980615, 1.899743, 2.992805, 4.079240, 
0.980615, 1.899743, 2.992805, 4.079240, 
0.980615, 1.899743, 2.992805, 4.079240, 
0.980615, 1.899743, 2.992805, 4.079240, 
0.980615, 1.899743, 2.992805, 4.079240, 
0.980615, 1.899743, 2.992805, 4.079240, 
0.980615, 1.899743, 2.992805, 4.079240, 
0.981868, 1.945539, 2.977195, 4.079393, 
0.981868, 1.945539, 2.977195, 4.079393, 
0.994843, 1.969553, 3.023860, 4.088373, 
1.000725, 1.976753, 3.008902, 4.078786, 
1.000725, 1.976753, 3.008902, 4.078786, 
0.995151, 1.978036, 2.949047, 4.087667, 
0.995151, 1.978036, 2.949047, 4.087667, 
0.995151, 1.978036, 2.949047, 4.087667, 
0.990766, 1.972882, 2.998769, 4.074325, 
0.990766, 1.972882, 2.998769, 4.074325, 
0.990766, 1.972882, 2.998769, 4.074325, 
0.990766, 1.972882, 2.998769, 4.074325, 
0.990766, 1.972882, 2.998769, 4.074325, 
