-8.486488, -0.014279, -7.407176, -8.456270, 
-8.486488, -0.014279, -7.407176, -8.456270, 
-8.486488, -0.014279, -7.407176, -8.456270, 
15.378022, 15.708090, 10.246262, 7.350531, 
15.378022, 15.708090, 10.246262, 7.350531, 
15.378022, 15.708090, 10.246262, 7.350531, 
15.378022, 15.708090, 10.246262, 7.350531, 
15.378022, 15.708090, 10.246262, 7.350531, 
13.656145, -7.059021, -6.394768, 16.300496, 
13.656145, -7.059021, -6.394768, 16.300496, 
13.656145, -7.059021, -6.394768, 16.300496, 
13.656145, -7.059021, -6.394768, 16.300496, 
13.656145, -7.059021, -6.394768, 16.300496, 
13.656145, -7.059021, -6.394768, 16.300496, 
13.656145, -7.059021, -6.394768, 16.300496, 
13.504009, -7.204666, -6.066381, 16.266118, 
13.504009, -7.204666, -6.066381, 16.266118, 
13.504009, -7.204666, -6.066381, 16.266118, 
13.504009, -7.204666, -6.066381, 16.266118, 
13.504009, -7.204666, -6.066381, 16.266118, 
13.504009, -7.204666, -6.066381, 16.266118, 
13.504009, -7.204666, -6.066381, 16.266118, 
13.504009, -7.204666, -6.066381, 16.266118, 
13.504009, -7.204666, -6.066381, 16.266118, 
-8.261703, -10.977469, 12.837705, 14.083027, 
-8.261703, -10.977469, 12.837705, 14.083027, 
-8.261703, -10.977469, 12.837705, 14.083027, 
-8.261703, -10.977469, 12.837705, 14.083027, 
-8.261703, -10.977469, 12.837705, 14.083027, 
-8.261703, -10.977469, 12.837705, 14.083027, 
-8.261703, -10.977469, 12.837705, 14.083027, 
-8.261703, -10.977469, 12.837705, 14.083027, 
-8.261703, -10.977469, 12.837705, 14.083027, 
-8.261703, -10.977469, 12.837705, 14.083027, 
-8.261703, -10.977469, 12.837705, 14.083027, 
-8.261703, -10.977469, 12.837705, 14.083027, 
-8.261703, -10.977469, 12.837705, 14.083027, 
-5.650529, -3.752008, 6.222713, 7.739965, 
-10.273163, -6.492540, 13.423364, 15.486741, 
-10.273163, -6.492540, 13.423364, 15.486741, 
-10.273163, -6.492540, 13.423364, 15.486741, 
-10.043060, -7.106471, 13.332199, 15.529685, 
-10.043060, -7.106471, 13.332199, 15.529685, 
-10.043060, -7.106471, 13.332199, 15.529685, 
-10.043060, -7.106471, 13.332199, 15.529685, 
-10.043060, -7.106471, 13.332199, 15.529685, 
-10.043060, -7.106471, 13.332199, 15.529685, 
-10.043060, -7.106471, 13.332199, 15.529685, 
-10.043060, -7.106471, 13.332199, 15.529685, 
-10.043060, -7.106471, 13.332199, 15.529685, 
-10.043060, -7.106471, 13.332199, 15.529685, 
-10.043060, -7.106471, 13.332199, 15.529685, 
-10.043060, -7.106471, 13.332199, 15.529685, 
-9.151121, -7.273832, 12.985151, 14.440366, 
-6.647054, -6.246326, 10.146321, 11.821095, 
-6.580332, -6.270952, 10.206398, 11.886411, 
-1.156867, 0.898075, 1.525325, 6.928723, 
-1.245589, 1.463941, 1.254875, 5.910574, 
-0.954182, 0.914676, 0.966738, 4.926330, 
-0.954182, 0.914676, 0.966738, 4.926330, 
-0.488677, 1.916517, 0.484848, 4.289036, 
-0.346089, 1.979662, 0.484837, 3.756641, 
-0.651650, 1.429927, 0.969004, 4.296805, 
-0.651650, 1.429927, 0.969004, 4.296805, 
0.145294, 1.513048, 0.944922, 3.815997, 
0.145294, 1.513048, 0.944922, 3.815997, 
0.145294, 1.513048, 0.944922, 3.815997, 
0.145294, 1.513048, 0.944922, 3.815997, 
0.145294, 1.513048, 0.944922, 3.815997, 
0.145294, 1.513048, 0.944922, 3.815997, 
0.392454, 1.755321, 1.123034, 4.443803, 
0.392454, 1.755321, 1.123034, 4.443803, 
0.642256, 1.729286, 1.123155, 4.224147, 
0.642256, 1.729286, 1.123155, 4.224147, 
0.642256, 1.729286, 1.123155, 4.224147, 
0.642256, 1.729286, 1.123155, 4.224147, 
0.642256, 1.729286, 1.123155, 4.224147, 
0.716621, 1.646058, 1.177122, 4.233326, 
1.001306, 1.618286, 1.265023, 4.170808, 
1.001306, 1.618286, 1.265023, 4.170808, 
1.005659, 1.768760, 1.356358, 4.219063, 
1.005659, 1.768760, 1.356358, 4.219063, 
0.982811, 1.948317, 1.340702, 4.094068, 
1.146222, 1.812801, 1.390982, 4.029112, 
1.146222, 1.812801, 1.390982, 4.029112, 
0.828202, 2.088372, 1.453294, 4.436570, 
1.103122, 1.914142, 1.511515, 3.780685, 
0.996705, 1.904339, 1.676130, 3.807548, 
0.996705, 1.904339, 1.676130, 3.807548, 
0.996705, 1.904339, 1.676130, 3.807548, 
0.996705, 1.904339, 1.676130, 3.807548, 
1.019836, 1.750844, 1.707942, 3.982418, 
0.992654, 1.885016, 1.829667, 3.707191, 
0.984959, 1.843690, 1.897023, 3.718900, 
0.916104, 1.962446, 1.963079, 3.838465, 
0.926904, 1.818712, 2.032274, 3.686620, 
0.860982, 1.890401, 2.147293, 3.795827, 
0.773214, 2.012571, 2.260153, 3.898034, 
0.766273, 1.990696, 2.269026, 3.943717, 
0.725426, 2.098046, 2.331188, 4.222224, 
0.725426, 2.098046, 2.331188, 4.222224, 
0.725426, 2.098046, 2.331188, 4.222224, 
0.725426, 2.098046, 2.331188, 4.222224, 
0.761373, 2.088501, 2.356263, 4.272390, 
0.761373, 2.088501, 2.356263, 4.272390, 
0.761373, 2.088501, 2.356263, 4.272390, 
0.761373, 2.088501, 2.356263, 4.272390, 
0.761373, 2.088501, 2.356263, 4.272390, 
0.761373, 2.088501, 2.356263, 4.272390, 
0.761373, 2.088501, 2.356263, 4.272390, 
0.725501, 2.111794, 2.433542, 4.277674, 
0.725501, 2.111794, 2.433542, 4.277674, 
0.725501, 2.111794, 2.433542, 4.277674, 
0.725501, 2.111794, 2.433542, 4.277674, 
0.725501, 2.111794, 2.433542, 4.277674, 
0.725501, 2.111794, 2.433542, 4.277674, 
0.725501, 2.111794, 2.433542, 4.277674, 
0.725501, 2.111794, 2.433542, 4.277674, 
0.725501, 2.111794, 2.433542, 4.277674, 
0.725501, 2.111794, 2.433542, 4.277674, 
0.813479, 1.783412, 2.759981, 3.982426, 
0.738776, 1.779018, 3.031831, 3.956666, 
0.738776, 1.779018, 3.031831, 3.956666, 
0.738776, 1.779018, 3.031831, 3.956666, 
0.738776, 1.779018, 3.031831, 3.956666, 
0.738776, 1.779018, 3.031831, 3.956666, 
0.846295, 1.682739, 3.041174, 3.968861, 
0.846295, 1.682739, 3.041174, 3.968861, 
0.846295, 1.682739, 3.041174, 3.968861, 
0.846295, 1.682739, 3.041174, 3.968861, 
0.846295, 1.682739, 3.041174, 3.968861, 
0.846295, 1.682739, 3.041174, 3.968861, 
0.846295, 1.682739, 3.041174, 3.968861, 
0.846295, 1.682739, 3.041174, 3.968861, 
1.007834, 1.819390, 2.988534, 3.864807, 
1.007834, 1.819390, 2.988534, 3.864807, 
1.007834, 1.819390, 2.988534, 3.864807, 
1.101345, 1.953280, 2.925852, 3.904224, 
1.101345, 1.953280, 2.925852, 3.904224, 
1.073449, 2.005520, 2.861090, 4.002941, 
1.073449, 2.005520, 2.861090, 4.002941, 
1.060908, 2.052308, 2.865904, 4.052835, 
1.060908, 2.052308, 2.865904, 4.052835, 
1.077306, 1.989088, 2.859012, 3.985446, 
1.133336, 1.922456, 3.003229, 4.031861, 
1.056200, 1.943131, 2.914800, 4.036277, 
1.056200, 1.943131, 2.914800, 4.036277, 
1.056200, 1.943131, 2.914800, 4.036277, 
1.056200, 1.943131, 2.914800, 4.036277, 
1.056200, 1.943131, 2.914800, 4.036277, 
1.056200, 1.943131, 2.914800, 4.036277, 
1.022533, 1.994706, 2.917588, 4.080950, 
0.935923, 1.964087, 3.003967, 4.059753, 
0.935923, 1.964087, 3.003967, 4.059753, 
0.935923, 1.964087, 3.003967, 4.059753, 
0.930130, 1.918405, 3.038585, 4.007198, 
0.975677, 1.945359, 2.973031, 4.110259, 
0.975677, 1.945359, 2.973031, 4.110259, 
0.975677, 1.945359, 2.973031, 4.110259, 
0.975677, 1.945359, 2.973031, 4.110259, 
0.975677, 1.945359, 2.973031, 4.110259, 
0.975677, 1.945359, 2.973031, 4.110259, 
0.988942, 1.896667, 3.015830, 4.049899, 
0.988942, 1.896667, 3.015830, 4.049899, 
1.001632, 1.913692, 3.028647, 3.992292, 
1.001632, 1.913692, 3.028647, 3.992292, 
0.995225, 1.934533, 3.020326, 3.993403, 
0.995225, 1.934533, 3.020326, 3.993403, 
0.995225, 1.934533, 3.020326, 3.993403, 
0.995225, 1.934533, 3.020326, 3.993403, 
0.995225, 1.934533, 3.020326, 3.993403, 
0.995225, 1.934533, 3.020326, 3.993403, 
0.956910, 1.941517, 3.007213, 3.977950, 
1.011884, 1.917173, 3.025665, 3.979772, 
1.011884, 1.917173, 3.025665, 3.979772, 
1.011884, 1.917173, 3.025665, 3.979772, 
1.009040, 1.915360, 2.992164, 3.991898, 
1.009040, 1.915360, 2.992164, 3.991898, 
1.009040, 1.915360, 2.992164, 3.991898, 
1.011032, 1.957200, 3.018876, 4.066686, 
1.011032, 1.957200, 3.018876, 4.066686, 
1.011032, 1.957200, 3.018876, 4.066686, 
0.948181, 1.957670, 3.052799, 4.013221, 
0.948181, 1.957670, 3.052799, 4.013221, 
0.947756, 1.934385, 3.031763, 3.980070, 
0.998343, 1.950736, 3.018123, 4.075736, 
0.998343, 1.950736, 3.018123, 4.075736, 
0.998343, 1.950736, 3.018123, 4.075736, 
0.998343, 1.950736, 3.018123, 4.075736, 
0.953192, 1.959720, 3.042026, 4.065063, 
0.953192, 1.959720, 3.042026, 4.065063, 
0.953192, 1.959720, 3.042026, 4.065063, 
0.964952, 1.958859, 3.045283, 4.069626, 
0.935492, 1.978015, 3.045454, 4.061403, 
0.947651, 1.985076, 3.045030, 4.054643, 
0.947651, 1.985076, 3.045030, 4.054643, 
0.963737, 1.930247, 3.009093, 4.009585, 
0.963737, 1.930247, 3.009093, 4.009585, 
0.963737, 1.930247, 3.009093, 4.009585, 
0.963737, 1.930247, 3.009093, 4.009585, 
0.949877, 1.960286, 3.034764, 4.027967, 
0.975345, 1.935311, 2.992243, 4.027853, 
0.975345, 1.935311, 2.992243, 4.027853, 
0.948600, 1.953014, 3.042126, 4.028388, 
0.948600, 1.953014, 3.042126, 4.028388, 
0.948600, 1.953014, 3.042126, 4.028388, 
0.948600, 1.953014, 3.042126, 4.028388, 
0.947847, 1.954868, 3.029037, 4.052398, 
0.928132, 1.973888, 3.022450, 4.079628, 
0.928132, 1.973888, 3.022450, 4.079628, 
0.924278, 1.954767, 3.015865, 4.072431, 
0.924278, 1.954767, 3.015865, 4.072431, 
0.924278, 1.954767, 3.015865, 4.072431, 
0.924278, 1.954767, 3.015865, 4.072431, 
0.924278, 1.954767, 3.015865, 4.072431, 
1.009376, 1.935297, 2.965927, 4.090603, 
1.009376, 1.935297, 2.965927, 4.090603, 
1.009376, 1.935297, 2.965927, 4.090603, 
1.009376, 1.935297, 2.965927, 4.090603, 
1.009376, 1.935297, 2.965927, 4.090603, 
1.009376, 1.935297, 2.965927, 4.090603, 
1.009376, 1.935297, 2.965927, 4.090603, 
1.009376, 1.935297, 2.965927, 4.090603, 
1.009376, 1.935297, 2.965927, 4.090603, 
0.999382, 1.917201, 2.957746, 4.039911, 
0.999382, 1.917201, 2.957746, 4.039911, 
0.999382, 1.917201, 2.957746, 4.039911, 
0.999382, 1.917201, 2.957746, 4.039911, 
1.008242, 1.941121, 2.980040, 4.094250, 
1.008242, 1.941121, 2.980040, 4.094250, 
1.008242, 1.941121, 2.980040, 4.094250, 
1.008242, 1.941121, 2.980040, 4.094250, 
1.008242, 1.941121, 2.980040, 4.094250, 
1.008242, 1.941121, 2.980040, 4.094250, 
1.008242, 1.941121, 2.980040, 4.094250, 
1.008242, 1.941121, 2.980040, 4.094250, 
1.008242, 1.941121, 2.980040, 4.094250, 
1.008242, 1.941121, 2.980040, 4.094250, 
1.008242, 1.941121, 2.980040, 4.094250, 
1.008242, 1.941121, 2.980040, 4.094250, 
1.024765, 1.947006, 3.004778, 4.098220, 
1.024765, 1.947006, 3.004778, 4.098220, 
1.024600, 1.955831, 3.005378, 4.107661, 
1.024600, 1.955831, 3.005378, 4.107661, 
1.024600, 1.955831, 3.005378, 4.107661, 
1.024600, 1.955831, 3.005378, 4.107661, 
1.008494, 1.936120, 3.022869, 4.073736, 
1.008494, 1.936120, 3.022869, 4.073736, 
1.008494, 1.936120, 3.022869, 4.073736, 
1.008316, 1.944194, 3.049540, 4.078988, 
1.008316, 1.944194, 3.049540, 4.078988, 
0.965798, 1.931082, 3.054627, 4.049467, 
0.965798, 1.931082, 3.054627, 4.049467, 
0.965798, 1.931082, 3.054627, 4.049467, 
0.965798, 1.931082, 3.054627, 4.049467, 
0.951265, 1.956369, 3.014514, 4.010739, 
0.951265, 1.956369, 3.014514, 4.010739, 
0.997920, 1.920590, 3.054977, 4.069965, 
0.997920, 1.920590, 3.054977, 4.069965, 
1.026989, 1.923145, 3.027826, 4.077991, 
1.008379, 1.889665, 2.996406, 4.103340, 
1.009627, 1.926337, 2.995109, 4.099294, 
1.032970, 1.927767, 3.031167, 4.091383, 
1.032970, 1.927767, 3.031167, 4.091383, 
1.032970, 1.927767, 3.031167, 4.091383, 
1.032970, 1.927767, 3.031167, 4.091383, 
1.032970, 1.927767, 3.031167, 4.091383, 
1.032970, 1.927767, 3.031167, 4.091383, 
1.032970, 1.927767, 3.031167, 4.091383, 
0.988915, 1.951239, 3.022296, 4.109124, 
0.933233, 1.926926, 2.982267, 4.082851, 
0.933233, 1.926926, 2.982267, 4.082851, 
0.932629, 1.911815, 2.976513, 4.081848, 
0.939054, 1.959416, 2.993549, 4.083143, 
0.939054, 1.959416, 2.993549, 4.083143, 
0.939054, 1.959416, 2.993549, 4.083143, 
0.939054, 1.959416, 2.993549, 4.083143, 
0.921219, 1.995226, 2.994818, 4.077221, 
0.921219, 1.995226, 2.994818, 4.077221, 
0.921219, 1.995226, 2.994818, 4.077221, 
0.921219, 1.995226, 2.994818, 4.077221, 
0.921219, 1.995226, 2.994818, 4.077221, 
0.922052, 2.004570, 3.000592, 4.123808, 
0.922052, 2.004570, 3.000592, 4.123808, 
0.954909, 1.988602, 2.952258, 4.111297, 
0.954909, 1.988602, 2.952258, 4.111297, 
0.954909, 1.988602, 2.952258, 4.111297, 
0.954909, 1.988602, 2.952258, 4.111297, 
0.999474, 1.990217, 2.930800, 4.108795, 
0.976875, 1.979741, 2.925913, 4.092604, 
0.976875, 1.979741, 2.925913, 4.092604, 
0.976875, 1.979741, 2.925913, 4.092604, 
0.976875, 1.979741, 2.925913, 4.092604, 
0.976875, 1.979741, 2.925913, 4.092604, 
0.976875, 1.979741, 2.925913, 4.092604, 
0.985420, 2.010586, 2.927198, 4.073431, 
0.996721, 1.951752, 2.918962, 4.076976, 
0.970829, 1.938189, 2.927921, 4.041631, 
0.970829, 1.938189, 2.927921, 4.041631, 
0.979647, 1.955074, 2.936160, 4.039312, 
0.932205, 1.884098, 2.948725, 4.053848, 
0.932205, 1.884098, 2.948725, 4.053848, 
0.932205, 1.884098, 2.948725, 4.053848, 
0.932205, 1.884098, 2.948725, 4.053848, 
0.888722, 1.921888, 2.981252, 4.033732, 
0.938919, 1.952251, 2.966181, 4.020175, 
0.938919, 1.952251, 2.966181, 4.020175, 
0.900013, 1.942595, 3.002566, 4.074509, 
0.941136, 1.904227, 3.010175, 3.988449, 
0.941892, 1.969186, 2.971263, 4.005514, 
0.941892, 1.969186, 2.971263, 4.005514, 
0.941892, 1.969186, 2.971263, 4.005514, 
0.948253, 1.965547, 2.933273, 4.027749, 
0.948253, 1.965547, 2.933273, 4.027749, 
0.948253, 1.965547, 2.933273, 4.027749, 
0.930339, 1.995978, 2.960755, 4.028549, 
0.930339, 1.995978, 2.960755, 4.028549, 
0.930339, 1.995978, 2.960755, 4.028549, 
0.930339, 1.995978, 2.960755, 4.028549, 
0.930339, 1.995978, 2.960755, 4.028549, 
0.930339, 1.995978, 2.960755, 4.028549, 
0.929562, 1.993130, 2.967242, 4.005829, 
0.929562, 1.993130, 2.967242, 4.005829, 
0.929562, 1.993130, 2.967242, 4.005829, 
0.952173, 1.970663, 2.938805, 3.982582, 
0.935148, 1.995524, 2.971493, 3.998235, 
0.931479, 1.989812, 2.994476, 3.985891, 
0.931479, 1.989812, 2.994476, 3.985891, 
0.931479, 1.989812, 2.994476, 3.985891, 
0.942639, 1.987115, 3.033445, 3.990850, 
0.946269, 1.931767, 3.025918, 3.975026, 
0.946269, 1.931767, 3.025918, 3.975026, 
0.943371, 1.949240, 3.024807, 4.001942, 
0.948718, 1.947766, 2.999390, 4.004673, 
0.948718, 1.947766, 2.999390, 4.004673, 
0.948718, 1.947766, 2.999390, 4.004673, 
0.948718, 1.947766, 2.999390, 4.004673, 
0.964583, 1.970644, 2.978477, 4.019317, 
0.952043, 1.965612, 2.981335, 4.021959, 
0.952043, 1.965612, 2.981335, 4.021959, 
0.952043, 1.965612, 2.981335, 4.021959, 
0.952043, 1.965612, 2.981335, 4.021959, 
0.952043, 1.965612, 2.981335, 4.021959, 
0.952043, 1.965612, 2.981335, 4.021959, 
0.960932, 1.936306, 3.030923, 4.050453, 
0.960932, 1.936306, 3.030923, 4.050453, 
0.960932, 1.936306, 3.030923, 4.050453, 
0.960932, 1.936306, 3.030923, 4.050453, 
0.994722, 1.946647, 3.001351, 3.998891, 
0.994722, 1.946647, 3.001351, 3.998891, 
0.994722, 1.946647, 3.001351, 3.998891, 
0.994722, 1.946647, 3.001351, 3.998891, 
0.994722, 1.946647, 3.001351, 3.998891, 
0.994722, 1.946647, 3.001351, 3.998891, 
0.994722, 1.946647, 3.001351, 3.998891, 
0.994722, 1.946647, 3.001351, 3.998891, 
0.994722, 1.946647, 3.001351, 3.998891, 
0.994722, 1.946647, 3.001351, 3.998891, 
1.011217, 1.936452, 3.000045, 4.036539, 
1.011217, 1.936452, 3.000045, 4.036539, 
1.011217, 1.936452, 3.000045, 4.036539, 
1.011217, 1.936452, 3.000045, 4.036539, 
1.011217, 1.936452, 3.000045, 4.036539, 
1.011217, 1.936452, 3.000045, 4.036539, 
1.011217, 1.936452, 3.000045, 4.036539, 
1.011217, 1.936452, 3.000045, 4.036539, 
1.011217, 1.936452, 3.000045, 4.036539, 
1.011217, 1.936452, 3.000045, 4.036539, 
1.011217, 1.936452, 3.000045, 4.036539, 
1.011217, 1.936452, 3.000045, 4.036539, 
1.011217, 1.936452, 3.000045, 4.036539, 
0.988993, 1.966398, 3.018521, 4.028745, 
0.988993, 1.966398, 3.018521, 4.028745, 
0.988993, 1.966398, 3.018521, 4.028745, 
0.997721, 1.971669, 3.049247, 4.027376, 
0.997721, 1.971669, 3.049247, 4.027376, 
0.961541, 1.966036, 3.024753, 4.014809, 
0.961541, 1.966036, 3.024753, 4.014809, 
0.961541, 1.966036, 3.024753, 4.014809, 
0.961541, 1.966036, 3.024753, 4.014809, 
0.941439, 1.982914, 3.049796, 4.035093, 
0.941439, 1.982914, 3.049796, 4.035093, 
0.941439, 1.982914, 3.049796, 4.035093, 
0.941439, 1.982914, 3.049796, 4.035093, 
0.941439, 1.982914, 3.049796, 4.035093, 
0.934283, 1.946574, 3.057082, 4.020395, 
0.910330, 1.940781, 3.034731, 4.057662, 
0.910330, 1.940781, 3.034731, 4.057662, 
0.910330, 1.940781, 3.034731, 4.057662, 
0.910330, 1.940781, 3.034731, 4.057662, 
0.910330, 1.940781, 3.034731, 4.057662, 
0.921057, 1.954153, 3.030188, 4.077496, 
0.921057, 1.954153, 3.030188, 4.077496, 
0.921057, 1.954153, 3.030188, 4.077496, 
0.946320, 1.976567, 2.973884, 4.069411, 
0.946320, 1.976567, 2.973884, 4.069411, 
0.946320, 1.976567, 2.973884, 4.069411, 
0.972614, 1.981936, 2.959440, 4.077987, 
0.972614, 1.981936, 2.959440, 4.077987, 
0.972614, 1.981936, 2.959440, 4.077987, 
0.964164, 1.933392, 2.976062, 4.085507, 
0.960840, 1.932696, 3.020087, 4.100141, 
0.951074, 1.925888, 3.002611, 4.086220, 
0.951074, 1.925888, 3.002611, 4.086220, 
0.951074, 1.925888, 3.002611, 4.086220, 
0.951074, 1.925888, 3.002611, 4.086220, 
0.951074, 1.925888, 3.002611, 4.086220, 
0.931800, 1.943609, 3.010238, 4.081625, 
0.931800, 1.943609, 3.010238, 4.081625, 
0.931618, 1.935467, 2.996022, 4.084426, 
0.931618, 1.935467, 2.996022, 4.084426, 
0.931618, 1.935467, 2.996022, 4.084426, 
0.931618, 1.935467, 2.996022, 4.084426, 
0.931618, 1.935467, 2.996022, 4.084426, 
0.989615, 1.949738, 2.978529, 4.077288, 
0.989615, 1.949738, 2.978529, 4.077288, 
0.989615, 1.949738, 2.978529, 4.077288, 
0.989615, 1.949738, 2.978529, 4.077288, 
0.989615, 1.949738, 2.978529, 4.077288, 
0.989615, 1.949738, 2.978529, 4.077288, 
0.989615, 1.949738, 2.978529, 4.077288, 
0.989615, 1.949738, 2.978529, 4.077288, 
0.989615, 1.949738, 2.978529, 4.077288, 
1.008301, 1.938722, 2.996240, 4.071711, 
1.008301, 1.938722, 2.996240, 4.071711, 
1.008301, 1.938722, 2.996240, 4.071711, 
1.008301, 1.938722, 2.996240, 4.071711, 
1.008301, 1.938722, 2.996240, 4.071711, 
1.008301, 1.938722, 2.996240, 4.071711, 
1.008301, 1.938722, 2.996240, 4.071711, 
1.008301, 1.938722, 2.996240, 4.071711, 
1.008301, 1.938722, 2.996240, 4.071711, 
1.008301, 1.938722, 2.996240, 4.071711, 
1.008301, 1.938722, 2.996240, 4.071711, 
0.992796, 1.946694, 3.024903, 4.057300, 
0.992796, 1.946694, 3.024903, 4.057300, 
0.992796, 1.946694, 3.024903, 4.057300, 
0.992796, 1.946694, 3.024903, 4.057300, 
0.992796, 1.946694, 3.024903, 4.057300, 
0.992796, 1.946694, 3.024903, 4.057300, 
0.992796, 1.946694, 3.024903, 4.057300, 
0.992796, 1.946694, 3.024903, 4.057300, 
0.992796, 1.946694, 3.024903, 4.057300, 
0.992796, 1.946694, 3.024903, 4.057300, 
0.992796, 1.946694, 3.024903, 4.057300, 
0.992796, 1.946694, 3.024903, 4.057300, 
0.992796, 1.946694, 3.024903, 4.057300, 
0.992796, 1.946694, 3.024903, 4.057300, 
0.992796, 1.946694, 3.024903, 4.057300, 
0.992796, 1.946694, 3.024903, 4.057300, 
0.992796, 1.946694, 3.024903, 4.057300, 
0.992796, 1.946694, 3.024903, 4.057300, 
0.992796, 1.946694, 3.024903, 4.057300, 
0.992796, 1.946694, 3.024903, 4.057300, 
0.990090, 1.927015, 3.006923, 4.038458, 
0.990090, 1.927015, 3.006923, 4.038458, 
0.990090, 1.927015, 3.006923, 4.038458, 
0.990090, 1.927015, 3.006923, 4.038458, 
0.990090, 1.927015, 3.006923, 4.038458, 
0.990090, 1.927015, 3.006923, 4.038458, 
0.990090, 1.927015, 3.006923, 4.038458, 
0.990090, 1.927015, 3.006923, 4.038458, 
0.990090, 1.927015, 3.006923, 4.038458, 
0.990090, 1.927015, 3.006923, 4.038458, 
0.990090, 1.927015, 3.006923, 4.038458, 
0.990090, 1.927015, 3.006923, 4.038458, 
0.990090, 1.927015, 3.006923, 4.038458, 
0.968236, 1.933817, 3.055643, 4.070454, 
0.968236, 1.933817, 3.055643, 4.070454, 
0.968236, 1.933817, 3.055643, 4.070454, 
0.968236, 1.933817, 3.055643, 4.070454, 
0.990947, 1.896133, 3.007126, 4.078493, 
0.990947, 1.896133, 3.007126, 4.078493, 
0.990947, 1.896133, 3.007126, 4.078493, 
0.990947, 1.896133, 3.007126, 4.078493, 
0.990947, 1.896133, 3.007126, 4.078493, 
0.990947, 1.896133, 3.007126, 4.078493, 
0.977421, 1.897099, 3.001037, 4.092219, 
0.977421, 1.897099, 3.001037, 4.092219, 
0.977421, 1.897099, 3.001037, 4.092219, 
0.994049, 1.941167, 2.953489, 4.115756, 
0.962526, 1.914704, 2.989727, 4.116964, 
0.962526, 1.914704, 2.989727, 4.116964, 
0.962526, 1.914704, 2.989727, 4.116964, 
0.962526, 1.914704, 2.989727, 4.116964, 
0.962526, 1.914704, 2.989727, 4.116964, 
0.962526, 1.914704, 2.989727, 4.116964, 
0.931664, 1.907520, 2.979838, 4.103775, 
0.929906, 1.924151, 2.994316, 4.090414, 
0.929906, 1.924151, 2.994316, 4.090414, 
0.935573, 1.889234, 3.007676, 4.054798, 
0.935573, 1.889234, 3.007676, 4.054798, 
0.935573, 1.889234, 3.007676, 4.054798, 
0.935573, 1.889234, 3.007676, 4.054798, 
0.935573, 1.889234, 3.007676, 4.054798, 
0.935573, 1.889234, 3.007676, 4.054798, 
0.942196, 1.930779, 3.002480, 4.091948, 
0.942196, 1.930779, 3.002480, 4.091948, 
0.942196, 1.930779, 3.002480, 4.091948, 
0.942196, 1.930779, 3.002480, 4.091948, 
0.906480, 1.954380, 3.048262, 4.102530, 
0.906480, 1.954380, 3.048262, 4.102530, 
0.924455, 1.968288, 3.044423, 4.076313, 
1.028810, 1.981853, 2.956395, 4.054137, 
0.987084, 1.949582, 3.034805, 4.068605, 
0.987084, 1.949582, 3.034805, 4.068605, 
0.987084, 1.949582, 3.034805, 4.068605, 
0.947854, 1.967266, 2.993718, 4.064729, 
0.947854, 1.967266, 2.993718, 4.064729, 
1.016446, 1.931406, 2.970591, 4.073173, 
1.016446, 1.931406, 2.970591, 4.073173, 
1.010899, 1.926507, 3.014975, 4.079857, 
1.010899, 1.926507, 3.014975, 4.079857, 
1.010899, 1.926507, 3.014975, 4.079857, 
0.989956, 1.937398, 3.028593, 4.057096, 
1.035387, 1.935187, 3.034217, 4.048971, 
1.007480, 1.944018, 3.041875, 4.066726, 
1.007480, 1.944018, 3.041875, 4.066726, 
1.048712, 1.945434, 3.028095, 4.058949, 
1.048712, 1.945434, 3.028095, 4.058949, 
1.048712, 1.945434, 3.028095, 4.058949, 
1.048712, 1.945434, 3.028095, 4.058949, 
1.006211, 2.038363, 3.011574, 4.055305, 
0.991494, 2.037912, 2.995761, 4.051912, 
0.991494, 2.037912, 2.995761, 4.051912, 
0.991494, 2.037912, 2.995761, 4.051912, 
0.991494, 2.037912, 2.995761, 4.051912, 
0.911345, 1.934363, 2.936803, 3.994200, 
0.911345, 1.934363, 2.936803, 3.994200, 
0.911345, 1.934363, 2.936803, 3.994200, 
0.911345, 1.934363, 2.936803, 3.994200, 
0.911345, 1.934363, 2.936803, 3.994200, 
0.911345, 1.934363, 2.936803, 3.994200, 
0.911345, 1.934363, 2.936803, 3.994200, 
0.911345, 1.934363, 2.936803, 3.994200, 
0.907916, 1.989060, 3.048580, 3.976974, 
0.907916, 1.989060, 3.048580, 3.976974, 
0.952109, 1.950752, 3.005452, 4.018783, 
0.952109, 1.950752, 3.005452, 4.018783, 
0.952109, 1.950752, 3.005452, 4.018783, 
0.952109, 1.950752, 3.005452, 4.018783, 
0.952109, 1.950752, 3.005452, 4.018783, 
0.966917, 1.992986, 3.001858, 4.047857, 
0.966917, 1.992986, 3.001858, 4.047857, 
0.966917, 1.992986, 3.001858, 4.047857, 
0.966917, 1.992986, 3.001858, 4.047857, 
0.966917, 1.992986, 3.001858, 4.047857, 
0.971560, 2.005137, 3.016310, 4.061881, 
0.971560, 2.005137, 3.016310, 4.061881, 
0.977800, 1.998314, 3.010761, 4.059074, 
0.985655, 1.988772, 3.002915, 4.054880, 
0.985655, 1.988772, 3.002915, 4.054880, 
0.985655, 1.988772, 3.002915, 4.054880, 
0.985655, 1.988772, 3.002915, 4.054880, 
1.006403, 1.930437, 2.971049, 4.053119, 
1.006403, 1.930437, 2.971049, 4.053119, 
0.970873, 1.931155, 2.968633, 4.046434, 
1.005584, 1.954462, 2.958687, 4.040032, 
1.005584, 1.954462, 2.958687, 4.040032, 
1.005584, 1.954462, 2.958687, 4.040032, 
1.026606, 1.968381, 2.984488, 4.010592, 
1.026606, 1.968381, 2.984488, 4.010592, 
1.026606, 1.968381, 2.984488, 4.010592, 
0.981012, 1.950846, 3.016569, 4.016997, 
0.981012, 1.950846, 3.016569, 4.016997, 
0.981012, 1.950846, 3.016569, 4.016997, 
0.981504, 1.947514, 3.026431, 4.026458, 
0.981504, 1.947514, 3.026431, 4.026458, 
0.988578, 1.955131, 3.017967, 4.027440, 
0.988578, 1.955131, 3.017967, 4.027440, 
1.021779, 1.958283, 3.017535, 4.023383, 
1.021779, 1.958283, 3.017535, 4.023383, 
1.003647, 1.966753, 2.991200, 4.039378, 
1.003647, 1.966753, 2.991200, 4.039378, 
1.003647, 1.966753, 2.991200, 4.039378, 
0.975795, 1.990012, 2.996460, 4.046320, 
0.997758, 1.981197, 2.997679, 4.060702, 
0.997758, 1.981197, 2.997679, 4.060702, 
0.973486, 1.988410, 3.012973, 4.024550, 
0.975897, 1.963379, 3.017531, 4.025572, 
1.005869, 1.931803, 3.002503, 4.070337, 
1.005869, 1.931803, 3.002503, 4.070337, 
0.984427, 1.929339, 3.033929, 4.081448, 
0.969458, 1.917032, 3.009608, 4.074826, 
0.969458, 1.917032, 3.009608, 4.074826, 
0.969458, 1.917032, 3.009608, 4.074826, 
0.969458, 1.917032, 3.009608, 4.074826, 
0.969458, 1.917032, 3.009608, 4.074826, 
0.975316, 1.940466, 3.043901, 4.087818, 
0.967976, 1.921983, 3.027758, 4.091317, 
0.937834, 1.923594, 3.034503, 4.067440, 
0.937834, 1.923594, 3.034503, 4.067440, 
0.937834, 1.923594, 3.034503, 4.067440, 
0.937834, 1.923594, 3.034503, 4.067440, 
0.937834, 1.923594, 3.034503, 4.067440, 
0.937834, 1.923594, 3.034503, 4.067440, 
0.937834, 1.923594, 3.034503, 4.067440, 
0.937834, 1.923594, 3.034503, 4.067440, 
0.926696, 1.911854, 2.995285, 4.039521, 
0.938544, 1.933443, 3.045521, 4.069081, 
0.941619, 1.953293, 3.089051, 4.098877, 
0.946002, 1.928463, 3.104144, 4.044116, 
0.957284, 1.941150, 3.079457, 4.078371, 
0.957284, 1.941150, 3.079457, 4.078371, 
0.944742, 1.967686, 3.077244, 4.107867, 
0.982161, 1.948518, 3.120644, 4.060735, 
0.982161, 1.948518, 3.120644, 4.060735, 
0.982161, 1.948518, 3.120644, 4.060735, 
0.982161, 1.948518, 3.120644, 4.060735, 
0.982161, 1.948518, 3.120644, 4.060735, 
0.982161, 1.948518, 3.120644, 4.060735, 
0.982161, 1.948518, 3.120644, 4.060735, 
0.982161, 1.948518, 3.120644, 4.060735, 
0.982161, 1.948518, 3.120644, 4.060735, 
0.982161, 1.948518, 3.120644, 4.060735, 
0.966204, 1.986692, 3.094693, 4.092328, 
0.926232, 1.981947, 3.079698, 4.115847, 
0.926232, 1.981947, 3.079698, 4.115847, 
0.926232, 1.981947, 3.079698, 4.115847, 
0.935163, 1.958900, 3.053073, 4.117177, 
0.980505, 1.990129, 3.071118, 4.129483, 
0.952397, 1.996349, 3.024646, 4.122213, 
0.977941, 2.019879, 3.061386, 4.102549, 
0.961588, 2.023723, 3.020116, 4.102610, 
0.941065, 1.960261, 3.011573, 4.108130, 
0.941065, 1.960261, 3.011573, 4.108130, 
0.941065, 1.960261, 3.011573, 4.108130, 
0.941065, 1.960261, 3.011573, 4.108130, 
0.941065, 1.960261, 3.011573, 4.108130, 
0.941065, 1.960261, 3.011573, 4.108130, 
0.961087, 1.954760, 3.009641, 4.105657, 
0.961087, 1.954760, 3.009641, 4.105657, 
0.985527, 1.971029, 2.987476, 4.094493, 
0.985527, 1.971029, 2.987476, 4.094493, 
0.997755, 1.968965, 2.996094, 4.094446, 
1.014601, 1.997164, 2.973391, 4.048436, 
0.988905, 1.990604, 3.040203, 4.023630, 
0.988905, 1.990604, 3.040203, 4.023630, 
0.986513, 1.954386, 3.013409, 4.032540, 
0.986513, 1.954386, 3.013409, 4.032540, 
0.986513, 1.954386, 3.013409, 4.032540, 
0.991807, 1.972750, 2.992357, 4.046114, 
0.991807, 1.972750, 2.992357, 4.046114, 
0.991807, 1.972750, 2.992357, 4.046114, 
0.991807, 1.972750, 2.992357, 4.046114, 
0.991807, 1.972750, 2.992357, 4.046114, 
0.991807, 1.972750, 2.992357, 4.046114, 
0.994154, 1.974937, 3.015701, 4.002957, 
0.994154, 1.974937, 3.015701, 4.002957, 
0.994154, 1.974937, 3.015701, 4.002957, 
0.994154, 1.974937, 3.015701, 4.002957, 
0.994154, 1.974937, 3.015701, 4.002957, 
0.995095, 1.987766, 2.996646, 4.000478, 
0.995095, 1.987766, 2.996646, 4.000478, 
0.995095, 1.987766, 2.996646, 4.000478, 
0.985169, 1.963080, 2.985682, 4.015328, 
0.978616, 1.955120, 2.957880, 4.057319, 
0.942847, 1.959429, 3.011786, 4.073835, 
0.942847, 1.959429, 3.011786, 4.073835, 
0.981058, 1.971618, 3.078059, 4.045169, 
0.962214, 1.979667, 3.094914, 4.018853, 
0.935669, 1.995045, 3.091373, 4.011892, 
0.935669, 1.995045, 3.091373, 4.011892, 
0.935669, 1.995045, 3.091373, 4.011892, 
0.935669, 1.995045, 3.091373, 4.011892, 
0.935669, 1.995045, 3.091373, 4.011892, 
0.935669, 1.995045, 3.091373, 4.011892, 
0.935669, 1.995045, 3.091373, 4.011892, 
0.958741, 1.973217, 3.097251, 4.037029, 
1.005915, 1.954388, 3.080266, 4.041378, 
1.027389, 1.940376, 3.087980, 4.041973, 
1.021643, 1.939974, 3.083047, 4.024285, 
1.018027, 1.947073, 3.065908, 4.055764, 
1.018027, 1.947073, 3.065908, 4.055764, 
1.018027, 1.947073, 3.065908, 4.055764, 
1.018027, 1.947073, 3.065908, 4.055764, 
1.026251, 1.931430, 2.997203, 4.015147, 
1.026251, 1.931430, 2.997203, 4.015147, 
1.026251, 1.931430, 2.997203, 4.015147, 
1.026251, 1.931430, 2.997203, 4.015147, 
1.038484, 1.958455, 3.057055, 4.048991, 
1.038484, 1.958455, 3.057055, 4.048991, 
1.038484, 1.958455, 3.057055, 4.048991, 
1.038484, 1.958455, 3.057055, 4.048991, 
1.038484, 1.958455, 3.057055, 4.048991, 
1.038484, 1.958455, 3.057055, 4.048991, 
1.038484, 1.958455, 3.057055, 4.048991, 
0.998551, 1.953927, 3.072058, 4.034872, 
0.997115, 1.946504, 3.030566, 4.029593, 
0.997115, 1.946504, 3.030566, 4.029593, 
0.997115, 1.946504, 3.030566, 4.029593, 
0.997115, 1.946504, 3.030566, 4.029593, 
0.997115, 1.946504, 3.030566, 4.029593, 
0.997115, 1.946504, 3.030566, 4.029593, 
1.014988, 1.931491, 3.026299, 4.005878, 
1.014988, 1.931491, 3.026299, 4.005878, 
0.989111, 1.943651, 3.067162, 4.043387, 
1.002013, 1.939776, 3.063267, 4.000429, 
1.002013, 1.939776, 3.063267, 4.000429, 
1.002013, 1.939776, 3.063267, 4.000429, 
1.002013, 1.939776, 3.063267, 4.000429, 
1.002013, 1.939776, 3.063267, 4.000429, 
0.979109, 1.911880, 2.999775, 3.988777, 
0.997873, 1.919263, 3.018706, 3.992845, 
0.997873, 1.919263, 3.018706, 3.992845, 
0.997873, 1.919263, 3.018706, 3.992845, 
1.032846, 1.935198, 2.981443, 4.019361, 
1.032846, 1.935198, 2.981443, 4.019361, 
0.991865, 1.923115, 2.989338, 4.007853, 
0.991865, 1.923115, 2.989338, 4.007853, 
0.995367, 1.947468, 2.963395, 4.064183, 
0.995367, 1.947468, 2.963395, 4.064183, 
0.983514, 1.926046, 3.025418, 4.054613, 
0.983514, 1.926046, 3.025418, 4.054613, 
0.983514, 1.926046, 3.025418, 4.054613, 
0.983514, 1.926046, 3.025418, 4.054613, 
0.983514, 1.926046, 3.025418, 4.054613, 
0.983514, 1.926046, 3.025418, 4.054613, 
0.983514, 1.926046, 3.025418, 4.054613, 
1.010858, 1.959694, 3.079094, 4.065402, 
1.001223, 1.950707, 3.075169, 4.116910, 
1.001223, 1.950707, 3.075169, 4.116910, 
1.001223, 1.950707, 3.075169, 4.116910, 
1.020514, 1.891487, 3.038665, 4.049692, 
1.020514, 1.891487, 3.038665, 4.049692, 
0.958037, 1.896183, 3.035224, 3.995138, 
0.958037, 1.896183, 3.035224, 3.995138, 
0.941927, 1.891972, 3.048678, 4.021405, 
0.966006, 1.912251, 3.023496, 4.000289, 
0.966006, 1.912251, 3.023496, 4.000289, 
0.972552, 1.937197, 3.027471, 4.064933, 
0.972552, 1.937197, 3.027471, 4.064933, 
0.972552, 1.937197, 3.027471, 4.064933, 
0.976787, 1.902319, 3.041718, 4.074577, 
0.932097, 1.911722, 3.017456, 4.055104, 
0.932097, 1.911722, 3.017456, 4.055104, 
0.960584, 1.905748, 3.021367, 4.035591, 
0.960584, 1.905748, 3.021367, 4.035591, 
0.960584, 1.905748, 3.021367, 4.035591, 
0.960584, 1.905748, 3.021367, 4.035591, 
0.960584, 1.905748, 3.021367, 4.035591, 
0.960584, 1.905748, 3.021367, 4.035591, 
0.960584, 1.905748, 3.021367, 4.035591, 
0.960584, 1.905748, 3.021367, 4.035591, 
0.960584, 1.905748, 3.021367, 4.035591, 
0.960584, 1.905748, 3.021367, 4.035591, 
0.960584, 1.905748, 3.021367, 4.035591, 
0.960584, 1.905748, 3.021367, 4.035591, 
0.960584, 1.905748, 3.021367, 4.035591, 
0.960584, 1.905748, 3.021367, 4.035591, 
0.989257, 1.918790, 3.017447, 4.046016, 
0.989257, 1.918790, 3.017447, 4.046016, 
0.959786, 1.920265, 3.030265, 4.067955, 
0.959786, 1.920265, 3.030265, 4.067955, 
0.959786, 1.920265, 3.030265, 4.067955, 
0.959786, 1.920265, 3.030265, 4.067955, 
0.959786, 1.920265, 3.030265, 4.067955, 
0.959786, 1.920265, 3.030265, 4.067955, 
0.959786, 1.920265, 3.030265, 4.067955, 
0.959786, 1.920265, 3.030265, 4.067955, 
0.959786, 1.920265, 3.030265, 4.067955, 
0.959786, 1.920265, 3.030265, 4.067955, 
0.959786, 1.920265, 3.030265, 4.067955, 
0.959786, 1.920265, 3.030265, 4.067955, 
0.975553, 1.891662, 3.002061, 4.084320, 
0.997230, 1.888103, 2.981395, 4.070309, 
1.048152, 1.937069, 2.958250, 4.080236, 
1.048152, 1.937069, 2.958250, 4.080236, 
1.048152, 1.937069, 2.958250, 4.080236, 
1.000389, 1.908909, 2.988332, 4.082541, 
1.000389, 1.908909, 2.988332, 4.082541, 
1.013590, 2.001306, 2.992337, 4.033117, 
1.009636, 1.988745, 3.022014, 4.047647, 
1.009636, 1.988745, 3.022014, 4.047647, 
1.009636, 1.988745, 3.022014, 4.047647, 
1.009636, 1.988745, 3.022014, 4.047647, 
1.009636, 1.988745, 3.022014, 4.047647, 
1.009636, 1.988745, 3.022014, 4.047647, 
1.009636, 1.988745, 3.022014, 4.047647, 
1.001291, 1.976789, 3.006506, 4.050911, 
1.038019, 1.956771, 3.006466, 4.057463, 
1.038019, 1.956771, 3.006466, 4.057463, 
1.038019, 1.956771, 3.006466, 4.057463, 
1.038019, 1.956771, 3.006466, 4.057463, 
1.021337, 1.936180, 3.019060, 4.029873, 
1.021337, 1.936180, 3.019060, 4.029873, 
1.021337, 1.936180, 3.019060, 4.029873, 
1.037248, 1.920631, 3.030229, 4.069029, 
1.037248, 1.920631, 3.030229, 4.069029, 
1.037248, 1.920631, 3.030229, 4.069029, 
1.037248, 1.920631, 3.030229, 4.069029, 
1.037248, 1.920631, 3.030229, 4.069029, 
1.037248, 1.920631, 3.030229, 4.069029, 
0.998724, 1.944766, 3.078805, 4.053020, 
0.998724, 1.944766, 3.078805, 4.053020, 
0.998724, 1.944766, 3.078805, 4.053020, 
0.998724, 1.944766, 3.078805, 4.053020, 
0.998724, 1.944766, 3.078805, 4.053020, 
0.997000, 1.967692, 3.094393, 4.021156, 
0.999328, 1.970458, 3.039391, 4.025929, 
0.999328, 1.970458, 3.039391, 4.025929, 
0.999328, 1.970458, 3.039391, 4.025929, 
0.999328, 1.970458, 3.039391, 4.025929, 
0.999328, 1.970458, 3.039391, 4.025929, 
0.999328, 1.970458, 3.039391, 4.025929, 
0.972913, 1.943136, 3.029450, 3.993306, 
0.972913, 1.943136, 3.029450, 3.993306, 
0.972913, 1.943136, 3.029450, 3.993306, 
0.988403, 1.956076, 3.018553, 3.995320, 
1.009525, 1.973862, 3.005165, 3.998818, 
1.028385, 1.933990, 3.007312, 4.000668, 
1.028385, 1.933990, 3.007312, 4.000668, 
1.072025, 1.936188, 3.005305, 4.036781, 
1.067121, 1.978144, 2.993188, 4.046163, 
1.067121, 1.978144, 2.993188, 4.046163, 
1.067121, 1.978144, 2.993188, 4.046163, 
1.067121, 1.978144, 2.993188, 4.046163, 
1.102058, 1.967320, 3.003938, 4.030231, 
1.102058, 1.967320, 3.003938, 4.030231, 
1.102058, 1.967320, 3.003938, 4.030231, 
1.074296, 1.936596, 2.947988, 4.001637, 
1.074296, 1.936596, 2.947988, 4.001637, 
1.074296, 1.936596, 2.947988, 4.001637, 
1.095653, 1.960144, 2.990196, 4.023610, 
1.095653, 1.960144, 2.990196, 4.023610, 
1.095653, 1.960144, 2.990196, 4.023610, 
1.095653, 1.960144, 2.990196, 4.023610, 
1.095653, 1.960144, 2.990196, 4.023610, 
1.095653, 1.960144, 2.990196, 4.023610, 
1.065408, 1.960111, 2.904620, 3.990766, 
1.065408, 1.960111, 2.904620, 3.990766, 
1.065408, 1.960111, 2.904620, 3.990766, 
1.065408, 1.960111, 2.904620, 3.990766, 
1.065408, 1.960111, 2.904620, 3.990766, 
1.065408, 1.960111, 2.904620, 3.990766, 
1.065408, 1.960111, 2.904620, 3.990766, 
1.042450, 1.989059, 3.003221, 4.033070, 
1.042450, 1.989059, 3.003221, 4.033070, 
1.042450, 1.989059, 3.003221, 4.033070, 
1.009479, 1.992171, 3.006699, 4.025273, 
1.009479, 1.992171, 3.006699, 4.025273, 
1.009479, 1.992171, 3.006699, 4.025273, 
1.009479, 1.992171, 3.006699, 4.025273, 
1.009479, 1.992171, 3.006699, 4.025273, 
1.009479, 1.992171, 3.006699, 4.025273, 
1.009479, 1.992171, 3.006699, 4.025273, 
1.009479, 1.992171, 3.006699, 4.025273, 
1.009775, 1.966674, 2.990921, 4.039043, 
0.989618, 1.990559, 2.973965, 4.038226, 
0.989618, 1.990559, 2.973965, 4.038226, 
0.961142, 1.994291, 3.000574, 4.019073, 
0.954295, 1.980686, 2.992746, 4.056818, 
0.978343, 1.903141, 2.946438, 4.070426, 
0.978343, 1.903141, 2.946438, 4.070426, 
1.002131, 1.915206, 2.937700, 4.049570, 
0.963190, 1.922261, 2.974368, 4.080488, 
0.963190, 1.922261, 2.974368, 4.080488, 
0.975000, 1.935414, 3.007425, 4.066151, 
0.975000, 1.935414, 3.007425, 4.066151, 
0.975000, 1.935414, 3.007425, 4.066151, 
0.975000, 1.935414, 3.007425, 4.066151, 
0.975000, 1.935414, 3.007425, 4.066151, 
0.975000, 1.935414, 3.007425, 4.066151, 
0.975000, 1.935414, 3.007425, 4.066151, 
0.975000, 1.935414, 3.007425, 4.066151, 
1.013210, 1.990796, 3.026786, 4.072525, 
1.013210, 1.990796, 3.026786, 4.072525, 
1.013210, 1.990796, 3.026786, 4.072525, 
1.071714, 1.967404, 3.006394, 4.053105, 
1.071714, 1.967404, 3.006394, 4.053105, 
1.007492, 1.956787, 3.031499, 4.124936, 
0.987717, 1.936308, 2.993378, 4.124246, 
0.987717, 1.936308, 2.993378, 4.124246, 
0.987717, 1.936308, 2.993378, 4.124246, 
0.987717, 1.936308, 2.993378, 4.124246, 
0.989955, 1.919968, 2.966319, 4.112199, 
0.989955, 1.919968, 2.966319, 4.112199, 
0.989955, 1.919968, 2.966319, 4.112199, 
0.989955, 1.919968, 2.966319, 4.112199, 
1.033833, 1.934800, 2.950217, 4.038700, 
1.033833, 1.934800, 2.950217, 4.038700, 
1.033833, 1.934800, 2.950217, 4.038700, 
1.029093, 1.931291, 2.976618, 4.005861, 
1.029093, 1.931291, 2.976618, 4.005861, 
1.029093, 1.931291, 2.976618, 4.005861, 
1.009783, 1.918110, 2.994613, 4.013088, 
0.997414, 1.901774, 2.994420, 4.007754, 
0.997414, 1.901774, 2.994420, 4.007754, 
1.018057, 1.892982, 2.977523, 4.012843, 
1.018057, 1.892982, 2.977523, 4.012843, 
0.972292, 1.907337, 2.993077, 3.998242, 
0.972292, 1.907337, 2.993077, 3.998242, 
0.972292, 1.907337, 2.993077, 3.998242, 
0.972292, 1.907337, 2.993077, 3.998242, 
0.972292, 1.907337, 2.993077, 3.998242, 
0.972292, 1.907337, 2.993077, 3.998242, 
0.972292, 1.907337, 2.993077, 3.998242, 
0.972292, 1.907337, 2.993077, 3.998242, 
0.963929, 1.906373, 3.015419, 4.010394, 
0.963929, 1.906373, 3.015419, 4.010394, 
0.963929, 1.906373, 3.015419, 4.010394, 
0.963929, 1.906373, 3.015419, 4.010394, 
0.963929, 1.906373, 3.015419, 4.010394, 
0.963929, 1.906373, 3.015419, 4.010394, 
0.963929, 1.906373, 3.015419, 4.010394, 
0.963929, 1.906373, 3.015419, 4.010394, 
0.963929, 1.906373, 3.015419, 4.010394, 
0.963929, 1.906373, 3.015419, 4.010394, 
0.963929, 1.906373, 3.015419, 4.010394, 
0.963929, 1.906373, 3.015419, 4.010394, 
0.963929, 1.906373, 3.015419, 4.010394, 
0.963929, 1.906373, 3.015419, 4.010394, 
0.963929, 1.906373, 3.015419, 4.010394, 
0.963929, 1.906373, 3.015419, 4.010394, 
0.963929, 1.906373, 3.015419, 4.010394, 
0.997956, 1.927432, 3.020502, 4.059247, 
0.997956, 1.927432, 3.020502, 4.059247, 
0.997956, 1.927432, 3.020502, 4.059247, 
0.997956, 1.927432, 3.020502, 4.059247, 
0.997956, 1.927432, 3.020502, 4.059247, 
1.013547, 1.931177, 3.004749, 4.060159, 
0.987094, 1.909894, 3.001041, 4.090210, 
0.987547, 1.902477, 2.979363, 4.083379, 
0.994774, 1.925633, 3.037698, 4.085104, 
0.952153, 1.930954, 3.043877, 4.059554, 
0.964104, 1.968212, 3.050660, 4.077795, 
1.025998, 2.002594, 3.038676, 4.067419, 
1.025998, 2.002594, 3.038676, 4.067419, 
1.025998, 2.002594, 3.038676, 4.067419, 
1.025998, 2.002594, 3.038676, 4.067419, 
0.999121, 1.962734, 3.079414, 4.068773, 
0.999121, 1.962734, 3.079414, 4.068773, 
0.999121, 1.962734, 3.079414, 4.068773, 
0.999121, 1.962734, 3.079414, 4.068773, 
0.995298, 1.962300, 3.076575, 4.027390, 
0.985128, 1.923363, 3.056110, 4.019900, 
0.985128, 1.923363, 3.056110, 4.019900, 
0.973865, 1.923450, 3.041166, 4.043115, 
0.978470, 1.922911, 3.036960, 4.028347, 
0.978470, 1.922911, 3.036960, 4.028347, 
0.978470, 1.922911, 3.036960, 4.028347, 
0.978470, 1.922911, 3.036960, 4.028347, 
0.978470, 1.922911, 3.036960, 4.028347, 
0.978470, 1.922911, 3.036960, 4.028347, 
0.978470, 1.922911, 3.036960, 4.028347, 
0.975886, 1.934729, 2.996354, 4.024956, 
0.975886, 1.934729, 2.996354, 4.024956, 
0.953618, 1.916926, 3.002987, 4.053961, 
0.994579, 1.952190, 2.972931, 4.037347, 
0.994579, 1.952190, 2.972931, 4.037347, 
0.997438, 1.956204, 3.010348, 4.050691, 
0.997438, 1.956204, 3.010348, 4.050691, 
0.997438, 1.956204, 3.010348, 4.050691, 
0.997438, 1.956204, 3.010348, 4.050691, 
0.997438, 1.956204, 3.010348, 4.050691, 
0.997438, 1.956204, 3.010348, 4.050691, 
0.997438, 1.956204, 3.010348, 4.050691, 
0.997438, 1.956204, 3.010348, 4.050691, 
0.997438, 1.956204, 3.010348, 4.050691, 
0.997438, 1.956204, 3.010348, 4.050691, 
0.997438, 1.956204, 3.010348, 4.050691, 
0.997438, 1.956204, 3.010348, 4.050691, 
0.997438, 1.956204, 3.010348, 4.050691, 
0.997438, 1.956204, 3.010348, 4.050691, 
0.997438, 1.956204, 3.010348, 4.050691, 
1.007407, 1.977857, 3.039590, 4.025831, 
1.007407, 1.977857, 3.039590, 4.025831, 
1.007407, 1.977857, 3.039590, 4.025831, 
1.007407, 1.977857, 3.039590, 4.025831, 
1.007407, 1.977857, 3.039590, 4.025831, 
1.007407, 1.977857, 3.039590, 4.025831, 
1.007407, 1.977857, 3.039590, 4.025831, 
1.007407, 1.977857, 3.039590, 4.025831, 
1.007407, 1.977857, 3.039590, 4.025831, 
0.997900, 1.975984, 3.023531, 4.056162, 
0.997900, 1.975984, 3.023531, 4.056162, 
0.997900, 1.975984, 3.023531, 4.056162, 
0.991868, 1.938506, 3.012855, 4.081245, 
0.991868, 1.938506, 3.012855, 4.081245, 
0.991868, 1.938506, 3.012855, 4.081245, 
0.991868, 1.938506, 3.012855, 4.081245, 
0.991868, 1.938506, 3.012855, 4.081245, 
0.991868, 1.938506, 3.012855, 4.081245, 
0.991868, 1.938506, 3.012855, 4.081245, 
0.991868, 1.938506, 3.012855, 4.081245, 
0.998554, 1.908888, 3.004466, 4.092489, 
0.984814, 1.892004, 2.993526, 4.042972, 
0.992490, 1.962806, 3.018642, 4.022012, 
1.012899, 1.955509, 2.967538, 4.053148, 
1.012899, 1.955509, 2.967538, 4.053148, 
1.012899, 1.955509, 2.967538, 4.053148, 
1.012899, 1.955509, 2.967538, 4.053148, 
1.017310, 1.948558, 2.977074, 4.037172, 
0.990490, 1.941292, 2.960091, 4.041755, 
0.990490, 1.941292, 2.960091, 4.041755, 
0.962256, 1.941782, 2.998017, 4.006287, 
0.918766, 1.939025, 3.037037, 4.019238, 
0.918766, 1.939025, 3.037037, 4.019238, 
0.918766, 1.939025, 3.037037, 4.019238, 
0.918766, 1.939025, 3.037037, 4.019238, 
