72049.375605, 
56366.171773, 
56366.171773, 
56366.171773, 
56366.171773, 
56366.171773, 
56366.171773, 
56366.171773, 
56366.171773, 
56366.171773, 
56366.171773, 
40216.932033, 
40216.932033, 
40216.932033, 
40216.932033, 
27619.831503, 
27619.831503, 
27619.831503, 
27619.831503, 
27619.831503, 
27619.831503, 
27619.831503, 
27619.831503, 
27619.831503, 
27619.831503, 
27619.831503, 
27619.831503, 
27619.831503, 
27619.831503, 
25686.920405, 
25686.920405, 
25686.920405, 
25686.920405, 
25686.920405, 
25508.413873, 
25508.413873, 
25508.413873, 
25508.413873, 
25508.413873, 
25508.413873, 
25508.413873, 
25508.413873, 
25508.413873, 
23435.787674, 
23415.929657, 
23415.929657, 
23415.929657, 
23415.929657, 
13321.591327, 
13321.591327, 
13321.591327, 
13321.591327, 
13321.591327, 
13321.591327, 
13321.591327, 
13321.591327, 
13321.591327, 
13321.591327, 
12417.150374, 
10827.458127, 
10749.481645, 
10749.481645, 
10215.692512, 
10215.692512, 
9711.761448, 
9042.548726, 
9042.548726, 
9042.548726, 
9000.768422, 
8272.942497, 
7564.682699, 
6901.248539, 
6901.248539, 
6900.001747, 
6900.001747, 
6611.912585, 
6421.686674, 
6336.025787, 
5944.218259, 
5829.183149, 
5761.341024, 
5761.341024, 
5761.341024, 
5623.062495, 
5256.394124, 
5256.394124, 
5075.685418, 
5075.685418, 
4761.877389, 
4761.877389, 
4577.879300, 
4505.312098, 
4476.326344, 
4122.133666, 
3966.797461, 
3966.797461, 
3835.810324, 
3697.562605, 
3447.024056, 
3353.029432, 
3312.099649, 
3312.099649, 
3312.099649, 
3312.099649, 
3312.099649, 
3288.212565, 
3288.212565, 
3124.243313, 
3104.291075, 
3104.291075, 
3104.291075, 
3091.462291, 
3091.462291, 
3091.462291, 
3091.462291, 
3091.462291, 
3095.557013, 
3056.962689, 
3038.453778, 
3038.453778, 
3038.453778, 
3033.191474, 
3033.191474, 
3033.191474, 
3033.191474, 
3033.191474, 
3033.191474, 
3033.191474, 
3033.191474, 
3033.191474, 
3033.191474, 
2913.651691, 
2913.651691, 
2913.651691, 
2913.358847, 
2912.683520, 
2912.683520, 
2912.683520, 
2871.835841, 
2871.835841, 
2871.835841, 
2871.835841, 
2871.835841, 
2871.835841, 
2860.160133, 
2860.160133, 
2860.160133, 
2860.160133, 
2859.616884, 
2859.616884, 
2862.111508, 
2862.111508, 
2862.111508, 
2862.111508, 
2862.111508, 
2860.905046, 
2860.905046, 
2859.380187, 
2859.380187, 
2849.366177, 
2838.782966, 
2838.782966, 
2838.782966, 
2842.106820, 
2842.106820, 
2842.106820, 
2842.106820, 
2839.163751, 
2838.807361, 
2839.339827, 
2839.339827, 
2839.339827, 
2839.339827, 
2839.339827, 
2839.339827, 
2839.339827, 
2837.909793, 
2837.909793, 
2837.909793, 
2837.909793, 
2837.909793, 
2837.909793, 
2842.949852, 
2842.949852, 
2842.949852, 
2842.949852, 
2835.996096, 
2835.996096, 
2835.996096, 
2833.343423, 
2834.999389, 
2834.999389, 
2834.999389, 
2834.999389, 
2834.219791, 
2834.219791, 
2834.219791, 
2833.734312, 
2832.946169, 
2832.946169, 
2832.946169, 
2832.946169, 
2836.927007, 
2836.927007, 
2836.927007, 
2834.972286, 
2834.972286, 
2833.175972, 
2833.175972, 
2833.175972, 
2833.175972, 
2833.175972, 
2833.175972, 
2834.309946, 
2834.309946, 
2834.638025, 
2834.638025, 
2835.388652, 
2835.388652, 
2835.388652, 
2835.388652, 
2834.899265, 
2835.397711, 
2836.407606, 
2835.866194, 
2837.279683, 
2836.806310, 
2836.806310, 
2838.060515, 
2838.060515, 
2834.133438, 
2833.615906, 
2833.615906, 
2833.615906, 
2833.615906, 
2833.615906, 
2833.615906, 
2833.615906, 
2833.615906, 
2833.615906, 
2833.946585, 
2833.946585, 
2833.946585, 
2833.946585, 
2832.670113, 
2834.928752, 
2834.928752, 
2834.736214, 
2836.514668, 
2836.514668, 
2834.808420, 
2834.808420, 
2835.730633, 
2833.701677, 
2832.987968, 
2836.681538, 
2836.681538, 
2833.026283, 
2833.026283, 
2833.026283, 
2833.026283, 
2833.026283, 
2833.026283, 
2833.026283, 
2833.026283, 
2833.026283, 
2833.026283, 
2833.026283, 
2833.026283, 
2833.026283, 
2833.026283, 
2834.326387, 
2834.326387, 
2834.115266, 
2833.939286, 
2833.038965, 
2833.038965, 
2833.038965, 
2834.057969, 
2834.057969, 
2834.057969, 
2835.019667, 
2834.446268, 
2834.446268, 
2834.446268, 
2834.446268, 
2834.446268, 
2834.446268, 
2834.446268, 
2834.446268, 
2838.604602, 
2835.388130, 
2835.388130, 
2835.388130, 
2835.388130, 
2835.388130, 
2835.388130, 
2835.517316, 
2835.517316, 
2835.517316, 
2834.550457, 
2834.550457, 
2834.550457, 
2836.615111, 
2836.615111, 
2836.615111, 
2836.615111, 
2833.162584, 
2836.352500, 
2836.352500, 
2836.352500, 
2836.352500, 
2836.352500, 
2837.520811, 
2837.520811, 
2837.520811, 
2837.520811, 
2837.520811, 
2841.539815, 
2841.539815, 
2841.539815, 
2841.539815, 
2835.912070, 
2835.912070, 
2835.912070, 
2835.912070, 
2835.912070, 
2833.565599, 
2833.565599, 
2833.565599, 
2833.565599, 
2833.565599, 
2833.565599, 
2833.565599, 
2833.565599, 
2833.565599, 
2833.565599, 
2835.857187, 
2835.857187, 
2835.857187, 
2835.857187, 
2835.857187, 
2835.857187, 
2836.137870, 
2836.137870, 
2836.137870, 
2836.137870, 
2836.137870, 
2836.137870, 
2836.137870, 
2836.137870, 
2836.137870, 
2836.137870, 
2836.137870, 
2836.137870, 
2836.137870, 
2836.137870, 
2836.137870, 
2836.137870, 
2836.137870, 
2836.462949, 
2833.882970, 
2833.882970, 
2832.260212, 
2832.260212, 
2832.260212, 
2832.260212, 
2832.888371, 
2832.888371, 
2836.360546, 
2836.360546, 
2836.360546, 
2836.360546, 
2836.382209, 
2832.679755, 
2832.679755, 
2834.838657, 
2834.838657, 
2837.080976, 
2837.080976, 
2839.862637, 
2836.531387, 
2841.546663, 
2841.546663, 
2843.013740, 
2840.466142, 
2843.696683, 
2843.696683, 
2840.941201, 
2840.941201, 
2836.609669, 
2836.609669, 
2835.235203, 
2835.235203, 
2835.235203, 
2835.235203, 
2833.444013, 
2833.444013, 
2834.496264, 
2834.404912, 
2834.404912, 
2834.404912, 
2834.404912, 
2834.404912, 
2834.404912, 
2832.315971, 
2832.315971, 
2833.038411, 
2833.038411, 
2833.038411, 
2835.020986, 
2835.020986, 
2838.337225, 
2838.477165, 
2838.477165, 
2838.477165, 
2838.477165, 
2838.477165, 
2838.477165, 
2834.663610, 
2834.663610, 
2834.663610, 
2835.557558, 
2837.694889, 
2837.694889, 
2837.694889, 
2837.694889, 
2837.694889, 
2837.694889, 
2837.694889, 
2838.139724, 
2837.838262, 
2842.429108, 
2842.429108, 
2836.774457, 
2835.121449, 
2835.121449, 
2835.121449, 
2835.121449, 
2835.506555, 
2835.494098, 
2835.115462, 
2836.156103, 
2836.156103, 
2834.016432, 
2834.016432, 
2833.838704, 
2833.838704, 
2833.838704, 
2836.493120, 
2836.493120, 
2837.948258, 
2837.948258, 
2837.292404, 
2837.292404, 
2837.292404, 
2837.292404, 
2837.292404, 
2837.292404, 
2836.671412, 
2836.671412, 
2836.671412, 
2836.671412, 
2836.671412, 
2836.671412, 
2836.671412, 
2834.860005, 
2834.860005, 
2834.860005, 
2834.860005, 
2834.860005, 
2835.119059, 
2833.935232, 
2835.067110, 
2837.398728, 
2836.730809, 
2836.803730, 
2841.735151, 
2837.189401, 
2836.179875, 
2836.179875, 
2836.179875, 
2836.179875, 
2836.179875, 
2836.179875, 
2836.179875, 
2835.918809, 
2835.918809, 
2837.480707, 
2837.480707, 
2837.480707, 
2837.480707, 
2837.480707, 
2837.480707, 
2837.480707, 
2836.772930, 
2833.044311, 
2833.044311, 
2834.844815, 
2834.844815, 
2834.844815, 
2834.844815, 
2834.844815, 
2836.325105, 
2836.325105, 
2836.325105, 
2835.347632, 
2835.347632, 
2837.118613, 
2837.118613, 
2837.118613, 
2835.748317, 
2835.748317, 
2835.748317, 
2835.748317, 
2835.748317, 
2835.748317, 
2835.748317, 
2835.748317, 
2837.325946, 
2837.325946, 
2835.222075, 
2835.222075, 
2835.222075, 
2835.222075, 
2835.222075, 
2835.222075, 
2835.222075, 
2835.222075, 
2835.222075, 
2835.222075, 
2835.222075, 
2835.222075, 
2835.222075, 
2839.156354, 
2839.156354, 
2839.156354, 
2839.156354, 
2839.156354, 
2838.118752, 
2838.512560, 
2834.314696, 
2834.314696, 
2834.314696, 
2834.314696, 
2835.842345, 
2835.842345, 
2833.894961, 
2833.894961, 
2834.163091, 
2834.163091, 
2834.163091, 
2834.163091, 
2834.163091, 
2833.618794, 
2833.618794, 
2833.618794, 
2833.618794, 
2833.618794, 
2833.618794, 
2833.618794, 
2833.618794, 
2833.618794, 
2834.961760, 
2834.961760, 
2834.961760, 
2837.734151, 
2833.883793, 
2833.883793, 
2833.883793, 
2833.883793, 
2833.883793, 
2835.557149, 
2835.052205, 
2833.939545, 
2833.939545, 
2840.347630, 
2840.347630, 
2839.897181, 
2839.782809, 
2839.782809, 
2839.782809, 
2837.850508, 
2837.850508, 
2837.850508, 
2837.850508, 
2839.360919, 
2839.360919, 
2837.636863, 
2837.636863, 
2837.636863, 
2837.315987, 
2837.315987, 
2840.093990, 
2834.187674, 
2834.187674, 
2833.560600, 
2833.560600, 
2833.560600, 
2834.997054, 
2834.802545, 
2834.073568, 
2836.666901, 
2836.666901, 
2836.502277, 
2836.502277, 
2836.436525, 
2836.436525, 
2836.436525, 
2836.436525, 
2836.436525, 
2833.337283, 
2833.337283, 
2833.337283, 
2833.337283, 
2833.337283, 
2834.312659, 
2834.312659, 
2834.312659, 
2834.312659, 
2834.312659, 
2834.312659, 
2834.312659, 
2834.312659, 
2834.312659, 
2840.115219, 
2842.968604, 
2841.076648, 
2841.076648, 
2836.771601, 
2836.771601, 
2836.771601, 
2836.291099, 
2836.291099, 
2836.291099, 
2838.474763, 
2838.474763, 
2835.005694, 
2833.927705, 
2833.927705, 
2833.927705, 
2833.927705, 
2836.255899, 
2833.147665, 
2833.147665, 
2833.147665, 
2833.147665, 
2833.147665, 
2833.147665, 
2833.147665, 
2833.147665, 
2832.734548, 
2832.734548, 
2832.734548, 
2832.734548, 
2832.734548, 
2832.734548, 
2839.803834, 
2839.803834, 
2834.581411, 
2834.581411, 
2834.581411, 
2834.581411, 
2834.581411, 
2834.670147, 
2839.503155, 
2839.503155, 
2839.503155, 
2841.669652, 
2840.446747, 
2840.446747, 
2840.446747, 
2840.446747, 
2834.481829, 
2834.481829, 
2834.481829, 
2834.481829, 
2834.481829, 
2835.977964, 
2833.546055, 
2833.546055, 
2833.546055, 
2834.073683, 
2834.073683, 
2834.073683, 
2834.957396, 
2834.957396, 
2833.239846, 
2833.239846, 
2833.239846, 
2833.239846, 
2833.239846, 
2831.901879, 
2831.901879, 
2834.413810, 
2833.280676, 
2833.280676, 
2833.280676, 
2834.671528, 
2835.443473, 
2833.688182, 
2833.688182, 
2832.918023, 
2833.989035, 
2833.989035, 
2833.989035, 
2833.989035, 
2833.989035, 
2833.989035, 
2833.989035, 
2833.989035, 
2833.989035, 
2833.989035, 
2833.989035, 
2833.989035, 
2833.989035, 
2832.610789, 
2832.610789, 
2832.610789, 
2832.610789, 
2832.610789, 
2832.610789, 
2834.849908, 
2834.849908, 
2837.510222, 
2837.510222, 
2838.054585, 
2834.162531, 
2834.162531, 
2834.162531, 
2834.900373, 
2834.900373, 
2833.283988, 
2833.283988, 
2833.283988, 
2833.283988, 
2833.283988, 
2833.283988, 
2833.283988, 
2833.968093, 
2833.968093, 
2833.647054, 
2833.647054, 
2833.647054, 
2833.647054, 
2838.891130, 
2837.528981, 
2837.528981, 
2837.528981, 
2837.528981, 
2836.946718, 
2836.946718, 
2836.946718, 
2836.946718, 
2836.263746, 
2837.130430, 
2837.130430, 
2834.544188, 
2834.544188, 
2838.089384, 
2832.940822, 
2832.940822, 
2832.940822, 
2832.940822, 
2834.494386, 
2834.578859, 
2836.220357, 
2836.220357, 
2836.220357, 
2837.366272, 
2837.346191, 
2837.346191, 
2837.346191, 
2837.346191, 
2837.346191, 
2834.515499, 
2837.640201, 
2836.568884, 
2836.568884, 
2839.204354, 
2839.204354, 
2839.204354, 
2839.204354, 
2833.789788, 
2833.789788, 
2833.789788, 
2833.789788, 
2833.789788, 
2833.789788, 
2833.789788, 
2833.789788, 
2834.309398, 
2834.309398, 
2834.309398, 
2834.309398, 
2832.684586, 
2832.684586, 
2832.684586, 
2832.684586, 
2832.684586, 
2832.684586, 
2833.857693, 
2833.857693, 
2835.431456, 
2835.431456, 
2835.431456, 
2835.431456, 
2835.431456, 
2835.431456, 
2835.886327, 
2835.886327, 
2837.078060, 
2837.078060, 
2839.673866, 
2839.673866, 
2839.673866, 
2838.531199, 
2838.531199, 
2838.531199, 
2838.531199, 
2836.173179, 
2836.173179, 
2838.342101, 
2838.342101, 
2838.342101, 
2838.342101, 
2838.342101, 
2836.142007, 
2836.142007, 
2836.142007, 
2835.032968, 
2835.032968, 
2835.032968, 
2835.032968, 
2835.032968, 
2835.032968, 
2835.032968, 
2835.032968, 
2835.032968, 
2838.026936, 
2838.026936, 
2838.420111, 
2838.420111, 
2838.420111, 
2834.657734, 
2834.657734, 
2834.657734, 
2834.657734, 
2834.657734, 
2833.959432, 
2833.959432, 
2833.959432, 
2833.959432, 
2831.970851, 
2833.915592, 
2833.915592, 
2833.915592, 
2833.127277, 
2833.127277, 
2833.127277, 
2833.127277, 
2837.276845, 
2837.276845, 
2837.276845, 
2837.276845, 
2837.276845, 
2837.276845, 
2833.224188, 
2833.224188, 
2835.768948, 
2833.315198, 
2833.315198, 
2833.895229, 
2835.308057, 
2835.308057, 
2835.308057, 
2835.308057, 
2835.308057, 
2835.308057, 
2835.308057, 
2835.308057, 
2835.308057, 
2835.308057, 
2835.308057, 
2835.308057, 
2838.977230, 
2838.977230, 
2837.090043, 
2837.090043, 
2837.090043, 
2837.090043, 
2837.090043, 
2837.011150, 
2838.686188, 
2837.927788, 
2836.059258, 
2836.059258, 
2836.059258, 
2836.059258, 
2833.989130, 
2835.210651, 
2835.210651, 
2834.334725, 
2834.334725, 
2834.646832, 
2834.646832, 
2834.646832, 
2834.646832, 
2835.154495, 
2835.154495, 
2835.154495, 
2835.154495, 
2835.154495, 
2835.154495, 
2832.975583, 
2832.975583, 
2832.975583, 
2832.975583, 
2832.975583, 
2833.669735, 
2833.669735, 
2833.371508, 
2833.217738, 
2833.217738, 
2833.217738, 
2833.217738, 
2833.217738, 
2833.217738, 
2833.217738, 
2833.217738, 
2833.514111, 
2833.514111, 
2832.541017, 
2840.007705, 
2840.007705, 
2840.007705, 
2840.007705, 
2840.007705, 
2840.007705, 
2843.679248, 
2843.679248, 
2839.219982, 
2839.219982, 
2839.219982, 
2836.017930, 
2838.266073, 
2835.037412, 
2835.037412, 
2835.037412, 
2835.573025, 
2835.573025, 
2835.573025, 
2835.573025, 
2835.573025, 
2835.573025, 
2835.573025, 
2835.573025, 
2835.573025, 
2835.573025, 
2836.070298, 
2836.070298, 
2836.070298, 
2836.070298, 
2836.070298, 
2836.070298, 
2836.070298, 
2836.070298, 
2836.070298, 
2836.070298, 
2833.484452, 
2833.484452, 
2833.484452, 
2834.250895, 
2834.250895, 
2834.250895, 
2834.250895, 
2833.652786, 
2833.652786, 
2833.652786, 
2836.355527, 
2834.529541, 
2834.529541, 
2834.562385, 
2834.562385, 
2834.562385, 
2834.562385, 
2834.562385, 
2834.562385, 
2834.562385, 
2834.562385, 
2833.665187, 
2833.665187, 
2833.665187, 
2833.665187, 
2833.601337, 
2834.146479, 
2839.706401, 
2839.706401, 
2839.706401, 
2839.706401, 
