78841.351609, 
75219.499755, 
50959.811616, 
50959.811616, 
50959.811616, 
50959.811616, 
50959.811616, 
50959.811616, 
50959.811616, 
50959.811616, 
50959.811616, 
50959.811616, 
50959.811616, 
50959.811616, 
50426.670152, 
50426.670152, 
50426.670152, 
50426.670152, 
43377.282260, 
43377.282260, 
43377.282260, 
39139.750509, 
39139.750509, 
34202.219482, 
34202.219482, 
34202.219482, 
34202.219482, 
34202.219482, 
34202.219482, 
34202.219482, 
34202.219482, 
28834.955212, 
27374.619787, 
27374.619787, 
27374.619787, 
27374.619787, 
27374.619787, 
25752.278778, 
25752.278778, 
25752.278778, 
25752.278778, 
25725.703978, 
25725.703978, 
25725.703978, 
25725.703978, 
25725.703978, 
25725.703978, 
23229.940870, 
23229.940870, 
23229.940870, 
22476.744413, 
21741.523160, 
16355.211913, 
15710.183247, 
12432.081819, 
12432.081819, 
12432.081819, 
12432.081819, 
12432.081819, 
12432.081819, 
11150.856979, 
10328.885450, 
10328.885450, 
10164.744177, 
9067.879939, 
9067.879939, 
9067.879939, 
8983.243379, 
8983.243379, 
7201.051386, 
7201.051386, 
7201.051386, 
6989.694884, 
6846.493824, 
6686.215469, 
6334.293715, 
6334.293715, 
6255.513854, 
6016.779606, 
5786.110827, 
5786.110827, 
5677.803883, 
5677.803883, 
5677.803883, 
5454.791672, 
5055.952437, 
5055.952437, 
5047.746396, 
4764.361093, 
4686.424787, 
4581.836140, 
4569.689755, 
4482.715508, 
4044.483726, 
3973.795724, 
3973.795724, 
3973.795724, 
3602.235086, 
3472.869120, 
3421.235037, 
3398.139491, 
3398.139491, 
3394.900952, 
3394.900952, 
3163.375572, 
3074.937207, 
3074.937207, 
3074.937207, 
3028.441863, 
3028.441863, 
3028.441863, 
3028.441863, 
3028.441863, 
3028.441863, 
3028.441863, 
3028.441863, 
3008.470471, 
3008.470471, 
2945.600421, 
2942.771774, 
2942.771774, 
2879.329263, 
2879.520868, 
2879.520868, 
2879.520868, 
2858.605463, 
2858.605463, 
2858.605463, 
2858.605463, 
2858.605463, 
2858.605463, 
2858.605463, 
2858.605463, 
2849.550931, 
2852.564618, 
2852.564618, 
2848.029664, 
2848.029664, 
2848.029664, 
2848.029664, 
2848.029664, 
2848.029664, 
2848.029664, 
2848.029664, 
2848.029664, 
2848.029664, 
2848.029664, 
2848.029664, 
2848.029664, 
2848.029664, 
2848.029664, 
2848.029664, 
2848.029664, 
2847.430167, 
2846.855658, 
2846.855658, 
2837.368307, 
2837.368307, 
2836.996025, 
2836.996025, 
2836.996025, 
2836.996025, 
2836.996025, 
2836.996025, 
2836.996025, 
2836.996025, 
2836.996025, 
2836.996025, 
2836.996025, 
2834.439892, 
2834.439892, 
2834.439892, 
2837.238197, 
2839.763116, 
2839.763116, 
2836.996385, 
2841.951972, 
2841.951972, 
2841.951972, 
2844.458484, 
2844.458484, 
2844.458484, 
2844.458484, 
2844.458484, 
2843.623448, 
2843.623448, 
2843.623448, 
2843.623448, 
2842.827387, 
2842.827387, 
2834.166755, 
2832.214866, 
2832.214866, 
2832.214866, 
2832.214866, 
2832.214866, 
2832.214866, 
2832.214866, 
2832.214866, 
2832.502188, 
2832.499022, 
2832.576554, 
2832.576554, 
2832.576554, 
2832.576554, 
2833.216598, 
2833.216598, 
2833.216598, 
2833.216598, 
2833.216598, 
2833.216598, 
2833.216598, 
2833.216598, 
2835.676045, 
2837.603803, 
2837.603803, 
2837.603803, 
2836.254256, 
2836.916699, 
2835.405924, 
2835.405924, 
2835.405924, 
2835.715009, 
2834.855803, 
2834.855803, 
2834.855803, 
2834.855803, 
2836.637237, 
2836.670271, 
2836.317943, 
2836.317943, 
2836.317943, 
2836.317943, 
2836.317943, 
2836.317943, 
2836.317943, 
2833.326208, 
2833.326208, 
2833.326208, 
2833.326208, 
2833.345148, 
2833.345148, 
2833.448180, 
2833.448180, 
2833.448180, 
2833.448180, 
2833.448180, 
2835.324159, 
2837.161198, 
2837.161198, 
2837.161198, 
2835.044656, 
2833.769244, 
2833.769244, 
2833.769244, 
2833.769244, 
2834.332744, 
2834.332744, 
2834.332744, 
2835.918788, 
2835.918788, 
2839.092534, 
2835.194140, 
2835.128326, 
2835.128326, 
2832.141852, 
2832.141852, 
2833.292341, 
2833.292341, 
2835.940611, 
2836.611156, 
2836.611156, 
2836.611156, 
2840.100046, 
2839.146038, 
2839.146038, 
2833.985368, 
2833.985368, 
2833.985368, 
2833.985368, 
2833.985368, 
2833.985368, 
2833.985368, 
2836.260826, 
2836.260826, 
2833.103820, 
2833.103820, 
2833.103820, 
2834.331483, 
2834.331483, 
2834.924114, 
2833.371905, 
2833.371905, 
2833.371905, 
2833.371905, 
2833.371905, 
2837.973028, 
2837.973028, 
2837.973028, 
2837.973028, 
2837.973028, 
2837.973028, 
2837.973028, 
2837.973028, 
2837.973028, 
2837.973028, 
2836.778687, 
2836.778687, 
2836.778687, 
2834.716648, 
2833.699744, 
2833.699744, 
2833.699744, 
2833.699744, 
2833.699744, 
2833.699744, 
2833.699744, 
2833.699744, 
2833.699744, 
2833.699744, 
2833.699744, 
2833.699744, 
2833.699744, 
2833.699744, 
2833.699744, 
2834.019311, 
2834.452366, 
2832.908000, 
2832.908000, 
2832.908000, 
2832.908000, 
2832.908000, 
2832.908000, 
2832.908000, 
2832.908000, 
2832.272737, 
2832.272737, 
2832.272737, 
2832.272737, 
2832.272737, 
2832.272737, 
2832.272737, 
2832.272737, 
2832.272737, 
2832.272737, 
2832.272737, 
2832.272737, 
2832.272737, 
2832.272737, 
2832.272737, 
2833.778579, 
2833.778579, 
2833.148061, 
2833.148061, 
2833.148061, 
2833.148061, 
2832.608844, 
2832.608844, 
2832.608844, 
2832.608844, 
2832.608844, 
2832.608844, 
2836.005794, 
2836.005794, 
2835.995426, 
2835.700385, 
2833.530327, 
2833.530327, 
2832.616558, 
2832.616558, 
2832.616558, 
2832.616558, 
2832.616558, 
2832.616558, 
2832.616558, 
2832.616558, 
2832.616558, 
2832.616558, 
2832.616558, 
2832.616558, 
2834.472816, 
2832.546578, 
2832.546578, 
2832.546578, 
2832.546578, 
2832.546578, 
2832.546578, 
2834.443740, 
2832.967915, 
2832.967915, 
2832.967915, 
2832.967915, 
2833.029289, 
2833.029289, 
2833.029289, 
2833.029289, 
2833.029289, 
2833.029289, 
2833.029289, 
2833.029289, 
2833.029289, 
2833.029289, 
2833.029289, 
2833.029289, 
2833.029289, 
2833.029289, 
2833.029289, 
2831.939940, 
2832.355597, 
2834.813164, 
2834.231674, 
2834.231674, 
2836.968282, 
2839.214498, 
2840.891060, 
2840.891060, 
2836.428843, 
2836.428843, 
2836.428843, 
2841.796511, 
2841.796511, 
2841.796511, 
2841.796511, 
2839.518927, 
2837.933200, 
2836.765327, 
2836.765327, 
2836.765327, 
2840.761215, 
2844.963102, 
2844.963102, 
2844.963102, 
2844.963102, 
2844.963102, 
2844.963102, 
2837.986745, 
2837.986745, 
2835.867774, 
2835.118227, 
2835.118227, 
2833.972930, 
2833.972930, 
2833.972930, 
2833.972930, 
2835.212763, 
2835.212763, 
2835.212763, 
2834.158262, 
2832.674411, 
2832.674411, 
2832.715633, 
2832.715633, 
2832.975994, 
2832.975994, 
2835.308355, 
2835.308355, 
2834.753164, 
2834.753164, 
2834.753164, 
2834.753164, 
2834.753164, 
2834.753164, 
2834.753164, 
2834.753164, 
2834.583565, 
2834.583565, 
2834.583565, 
2834.583565, 
2834.583565, 
2834.583565, 
2834.914783, 
2834.914783, 
2833.591561, 
2833.591561, 
2833.145358, 
2835.052119, 
2835.070006, 
2835.070006, 
2835.070006, 
2835.070006, 
2832.188479, 
2832.606072, 
2834.112671, 
2834.112671, 
2834.112671, 
2834.112671, 
2832.674288, 
2832.674288, 
2832.360974, 
2832.360974, 
2833.676965, 
2833.676965, 
2833.676965, 
2834.813627, 
2834.813627, 
2837.143857, 
2837.143857, 
2837.143857, 
2834.875620, 
2834.875620, 
2834.905140, 
2838.802142, 
2838.802142, 
2836.774265, 
2836.774265, 
2836.774265, 
2836.774265, 
2836.774265, 
2836.774265, 
2834.777541, 
2834.777541, 
2834.777541, 
2834.777541, 
2834.777541, 
2834.777541, 
2834.777541, 
2834.777541, 
2834.777541, 
2834.777541, 
2835.245537, 
2835.139109, 
2835.139109, 
2834.775022, 
2834.775022, 
2834.775022, 
2834.775022, 
2833.608453, 
2833.608453, 
2833.608453, 
2833.608453, 
2833.608453, 
2835.537677, 
2832.649371, 
2832.649371, 
2832.649371, 
2832.649371, 
2832.649371, 
2832.649371, 
2832.649371, 
2832.649371, 
2832.649371, 
2832.649371, 
2832.649371, 
2832.649371, 
2832.649371, 
2832.649371, 
2832.649371, 
2832.209862, 
2832.209862, 
2832.209862, 
2833.656226, 
2836.906030, 
2836.906030, 
2836.906030, 
2836.906030, 
2837.294795, 
2837.294795, 
2841.521690, 
2841.521690, 
2841.554899, 
2839.948696, 
2839.948696, 
2838.343105, 
2838.343105, 
2841.386332, 
2841.386332, 
2840.005092, 
2837.351059, 
2837.351059, 
2837.351059, 
2836.331271, 
2836.331271, 
2836.331271, 
2836.331271, 
2834.709186, 
2834.801690, 
2837.294048, 
2837.294048, 
2839.532252, 
2839.532252, 
2839.532252, 
2839.532252, 
2839.532252, 
2839.532252, 
2839.532252, 
2839.186687, 
2837.586660, 
2837.821726, 
2837.148401, 
2836.550733, 
2836.551039, 
2836.551039, 
2836.551039, 
2836.551039, 
2836.551039, 
2836.551039, 
2834.263813, 
2837.121344, 
2838.316965, 
2838.316965, 
2838.316965, 
2835.977694, 
2832.197548, 
2832.197548, 
2835.664711, 
2835.664711, 
2835.664711, 
2832.673192, 
2832.673192, 
2832.673192, 
2832.673192, 
2834.458753, 
2834.458753, 
2834.458753, 
2834.458753, 
2834.458753, 
2835.025434, 
2835.025434, 
2839.145935, 
2839.145935, 
2839.145935, 
2838.128319, 
2838.163441, 
2834.480001, 
2838.289824, 
2838.289824, 
2840.791657, 
2840.995414, 
2840.995414, 
2840.995414, 
2839.427407, 
2838.391430, 
2837.947749, 
2837.947749, 
2838.510068, 
2838.510068, 
2838.510068, 
2838.510068, 
2838.510068, 
2838.510068, 
2837.443675, 
2837.443675, 
2837.443675, 
2836.038063, 
2836.038063, 
2836.038063, 
2836.038063, 
2836.038063, 
2837.420823, 
2837.420823, 
2837.179869, 
2837.179869, 
2835.161025, 
2837.414061, 
2837.414061, 
2835.726926, 
2837.016620, 
2835.902864, 
2835.902864, 
2834.922237, 
2834.922237, 
2834.922237, 
2834.922237, 
2834.922237, 
2834.922237, 
2837.633171, 
2837.633171, 
2837.633171, 
2833.578551, 
2833.578551, 
2834.679757, 
2834.679757, 
2834.679757, 
2834.679757, 
2832.736443, 
2832.736443, 
2832.741253, 
2832.741253, 
2832.741253, 
2832.741253, 
2832.741253, 
2832.741253, 
2832.741253, 
2832.379129, 
2832.379129, 
2832.379129, 
2835.429756, 
2836.448768, 
2836.448768, 
2837.772617, 
2837.772617, 
2837.772617, 
2837.772617, 
2837.772617, 
2837.772617, 
2836.229750, 
2836.217313, 
2838.068508, 
2840.819885, 
2840.819885, 
2841.661339, 
2841.661339, 
2842.772583, 
2842.772583, 
2842.772583, 
2847.667757, 
2847.667757, 
2847.667757, 
2848.701491, 
2848.701491, 
2851.128996, 
2851.128996, 
2851.128996, 
2849.288497, 
2849.288497, 
2847.935686, 
2847.935686, 
2847.935686, 
2847.935686, 
2844.826329, 
2844.826329, 
2839.691339, 
2836.163805, 
2836.163805, 
2836.163805, 
2835.786356, 
2835.786356, 
2835.786356, 
2835.786356, 
2835.786356, 
2834.462314, 
2835.071941, 
2833.284784, 
2833.470690, 
2834.088527, 
2834.088527, 
2834.088527, 
2834.161629, 
2834.161629, 
2839.979013, 
2837.785595, 
2837.785595, 
2837.785595, 
2837.785595, 
2836.935156, 
2836.935156, 
2836.935156, 
2836.601300, 
2836.598824, 
2836.598824, 
2836.752614, 
2836.752614, 
2836.752614, 
2837.904192, 
2837.904192, 
2837.904192, 
2837.904192, 
2844.188786, 
2840.120434, 
2840.120434, 
2840.120434, 
2840.120434, 
2840.120434, 
2838.643197, 
2840.433886, 
2840.433886, 
2840.433886, 
2840.433886, 
2840.433886, 
2841.892160, 
2841.610208, 
2839.708022, 
2838.339614, 
2838.339614, 
2838.339614, 
2838.339614, 
2838.339614, 
2838.339614, 
2836.051588, 
2836.051588, 
2836.051588, 
2836.051588, 
2836.051588, 
2836.051588, 
2836.051588, 
2836.051588, 
2836.051588, 
2836.051588, 
2836.051588, 
2836.051588, 
2835.169373, 
2835.169373, 
2835.169373, 
2835.169373, 
2835.169373, 
2835.169373, 
2835.169373, 
2835.169373, 
2835.169373, 
2835.169373, 
2833.956546, 
2833.956546, 
2834.770643, 
2836.038727, 
2836.038727, 
2836.038727, 
2839.047222, 
2839.047222, 
2839.047222, 
2839.047222, 
2836.335684, 
2836.335684, 
2836.335684, 
2836.335684, 
2836.335684, 
2836.335684, 
2836.335684, 
2836.335684, 
2836.335684, 
2836.335684, 
2836.335684, 
2836.335684, 
2836.335684, 
2836.157257, 
2836.157257, 
2839.279476, 
2839.279476, 
2839.279476, 
2839.279476, 
2839.279476, 
2839.279476, 
2839.279476, 
2839.279476, 
2837.754107, 
2837.754107, 
2835.388672, 
2835.388672, 
2835.388672, 
2835.388672, 
2835.388672, 
2835.388672, 
2835.388672, 
2835.083109, 
2835.083109, 
2833.462060, 
2833.462060, 
2833.693982, 
2833.693982, 
2833.693982, 
2833.693982, 
2833.693982, 
2833.693982, 
2833.693982, 
2833.693982, 
2833.693982, 
2834.908458, 
2835.991254, 
2835.991254, 
2833.645263, 
2833.645263, 
2833.645263, 
2833.645263, 
2833.645263, 
2833.645263, 
2833.645263, 
2833.645263, 
2833.645263, 
2833.645263, 
2833.415608, 
2833.415608, 
2833.415608, 
2833.415608, 
2837.219063, 
2835.903558, 
2835.903558, 
2835.798144, 
2835.798144, 
2835.798144, 
2833.084924, 
2839.971779, 
2840.965440, 
2840.965440, 
2840.965440, 
2839.613599, 
2839.613599, 
2839.613599, 
2839.613599, 
2838.095556, 
2838.095556, 
2836.438460, 
2836.438460, 
2836.438460, 
2836.438460, 
2836.438460, 
2837.330498, 
2837.330498, 
2837.330498, 
2837.330498, 
2837.330498, 
2837.330498, 
2837.330498, 
2835.182144, 
2835.182144, 
2835.182144, 
2835.182144, 
2835.104898, 
2835.104898, 
2835.104898, 
2835.104898, 
2835.737072, 
2835.737072, 
2835.737072, 
2835.737072, 
2835.737072, 
2835.737072, 
2835.737072, 
2832.380140, 
2832.380140, 
2832.380140, 
2832.380140, 
2832.380140, 
2833.092859, 
2832.788695, 
2832.788695, 
2832.788695, 
2832.941682, 
2832.941682, 
2832.941682, 
2841.573022, 
2840.966619, 
2840.966619, 
2837.828811, 
2835.856805, 
2834.438573, 
2834.438573, 
2834.438573, 
2834.438573, 
2835.956953, 
2835.956953, 
2835.956953, 
2835.956953, 
2835.956953, 
2837.882394, 
2840.606580, 
2840.606580, 
2838.427743, 
2838.427743, 
2838.427743, 
2838.427743, 
2838.752918, 
2838.752918, 
2838.752918, 
2838.752918, 
2838.752918, 
2838.752918, 
2837.038116, 
2837.038116, 
2837.038116, 
2837.038116, 
2837.038116, 
2840.054676, 
2840.054676, 
2840.054676, 
2832.548338, 
2832.548338, 
2832.548338, 
2832.548338, 
2832.281788, 
2832.281788, 
2832.281788, 
2832.281788, 
2832.281788, 
2832.281788, 
2832.281788, 
2832.281788, 
2832.126771, 
2832.126771, 
2833.642128, 
2833.642128, 
2833.642128, 
2834.081423, 
2836.355752, 
2836.355752, 
2836.355752, 
2836.355752, 
2837.798143, 
2837.798143, 
2835.936643, 
2834.489252, 
2834.489252, 
2834.489252, 
2834.489252, 
2832.650541, 
2832.650541, 
2832.696612, 
2832.696612, 
2832.980730, 
2834.766297, 
2834.766297, 
2834.766297, 
