-13.878072,-37745.599324,-37731.721252,
-13.878072,-37745.599324,-37731.721252,
-13.878072,-37745.599324,-37731.721252,
-16.097314,-27686.944508,-27670.847194,
-16.097314,-27686.944508,-27670.847194,
-16.097314,-27686.944508,-27670.847194,
-16.097314,-27686.944508,-27670.847194,
-16.097314,-27686.944508,-27670.847194,
-15.600691,-17967.978390,-17952.377699,
-15.600691,-17967.978390,-17952.377699,
-15.600691,-17967.978390,-17952.377699,
-15.600691,-17967.978390,-17952.377699,
-15.600691,-17967.978390,-17952.377699,
-15.600691,-17967.978390,-17952.377699,
-15.600691,-17967.978390,-17952.377699,
-15.564360,-17900.167935,-17884.603576,
-15.564360,-17900.167935,-17884.603576,
-15.564360,-17900.167935,-17884.603576,
-15.564360,-17900.167935,-17884.603576,
-15.564360,-17900.167935,-17884.603576,
-15.564360,-17900.167935,-17884.603576,
-15.564360,-17900.167935,-17884.603576,
-15.564360,-17900.167935,-17884.603576,
-15.564360,-17900.167935,-17884.603576,
-15.645589,-16618.949654,-16603.304065,
-15.645589,-16618.949654,-16603.304065,
-15.645589,-16618.949654,-16603.304065,
-15.645589,-16618.949654,-16603.304065,
-15.645589,-16618.949654,-16603.304065,
-15.645589,-16618.949654,-16603.304065,
-15.645589,-16618.949654,-16603.304065,
-15.645589,-16618.949654,-16603.304065,
-15.645589,-16618.949654,-16603.304065,
-15.645589,-16618.949654,-16603.304065,
-15.645589,-16618.949654,-16603.304065,
-15.645589,-16618.949654,-16603.304065,
-15.645589,-16618.949654,-16603.304065,
-13.609271,-16529.987416,-16516.378145,
-15.724678,-15389.518902,-15373.794224,
-15.724678,-15389.518902,-15373.794224,
-15.724678,-15389.518902,-15373.794224,
-15.737513,-14242.063346,-14226.325834,
-15.737513,-14242.063346,-14226.325834,
-15.737513,-14242.063346,-14226.325834,
-15.737513,-14242.063346,-14226.325834,
-15.737513,-14242.063346,-14226.325834,
-15.737513,-14242.063346,-14226.325834,
-15.737513,-14242.063346,-14226.325834,
-15.737513,-14242.063346,-14226.325834,
-15.737513,-14242.063346,-14226.325834,
-15.737513,-14242.063346,-14226.325834,
-15.737513,-14242.063346,-14226.325834,
-15.737513,-14242.063346,-14226.325834,
-15.455044,-12940.142818,-12924.687774,
-14.515525,-12845.515493,-12830.999969,
-14.526509,-12839.736875,-12825.210366,
-13.148488,-9514.805196,-9501.656708,
-13.087116,-7305.099706,-7292.012591,
-13.020847,-6316.026907,-6303.006060,
-13.020847,-6316.026907,-6303.006060,
-12.998808,-5740.900038,-5727.901230,
-12.978026,-5556.537146,-5543.559120,
-12.995449,-5020.136945,-5007.141496,
-12.995449,-5020.136945,-5007.141496,
-12.974920,-4041.718604,-4028.743684,
-12.974920,-4041.718604,-4028.743684,
-12.974920,-4041.718604,-4028.743684,
-12.974920,-4041.718604,-4028.743684,
-12.974920,-4041.718604,-4028.743684,
-12.974920,-4041.718604,-4028.743684,
-13.007313,-3485.893695,-3472.886382,
-13.007313,-3485.893695,-3472.886382,
-12.998634,-3312.210502,-3299.211869,
-12.998634,-3312.210502,-3299.211869,
-12.998634,-3312.210502,-3299.211869,
-12.998634,-3312.210502,-3299.211869,
-12.998634,-3312.210502,-3299.211869,
-12.998743,-3211.869650,-3198.870907,
-12.999181,-3017.674084,-3004.674903,
-12.999181,-3017.674084,-3004.674903,
-13.004995,-2831.174625,-2818.169630,
-13.004995,-2831.174625,-2818.169630,
-13.002698,-2828.460704,-2815.458006,
-12.999938,-2766.627156,-2753.627218,
-12.999938,-2766.627156,-2753.627218,
-13.020307,-2741.972292,-2728.951985,
-12.993390,-2600.232183,-2587.238793,
-12.995728,-2352.653569,-2339.657841,
-12.995728,-2352.653569,-2339.657841,
-12.995728,-2352.653569,-2339.657841,
-12.995728,-2352.653569,-2339.657841,
-13.000506,-2301.691604,-2288.691099,
-12.994242,-2189.231628,-2176.237386,
-12.995086,-2110.942430,-2097.947344,
-13.002484,-2004.011985,-1991.009501,
-12.995535,-1984.550907,-1971.555371,
-13.002765,-1843.687405,-1830.684640,
-13.010851,-1746.673745,-1733.662894,
-13.012352,-1734.284830,-1721.272479,
-13.027043,-1719.018152,-1705.991110,
-13.027043,-1719.018152,-1705.991110,
-13.027043,-1719.018152,-1705.991110,
-13.027043,-1719.018152,-1705.991110,
-13.029829,-1701.909347,-1688.879519,
-13.029829,-1701.909347,-1688.879519,
-13.029829,-1701.909347,-1688.879519,
-13.029829,-1701.909347,-1688.879519,
-13.029829,-1701.909347,-1688.879519,
-13.029829,-1701.909347,-1688.879519,
-13.029829,-1701.909347,-1688.879519,
-13.032128,-1667.393539,-1654.361411,
-13.032128,-1667.393539,-1654.361411,
-13.032128,-1667.393539,-1654.361411,
-13.032128,-1667.393539,-1654.361411,
-13.032128,-1667.393539,-1654.361411,
-13.032128,-1667.393539,-1654.361411,
-13.032128,-1667.393539,-1654.361411,
-13.032128,-1667.393539,-1654.361411,
-13.032128,-1667.393539,-1654.361411,
-13.032128,-1667.393539,-1654.361411,
-13.022692,-1487.610775,-1474.588083,
-13.028884,-1473.472724,-1460.443840,
-13.028884,-1473.472724,-1460.443840,
-13.028884,-1473.472724,-1460.443840,
-13.028884,-1473.472724,-1460.443840,
-13.028884,-1473.472724,-1460.443840,
-13.028837,-1472.532809,-1459.503972,
-13.028837,-1472.532809,-1459.503972,
-13.028837,-1472.532809,-1459.503972,
-13.028837,-1472.532809,-1459.503972,
-13.028837,-1472.532809,-1459.503972,
-13.028837,-1472.532809,-1459.503972,
-13.028837,-1472.532809,-1459.503972,
-13.028837,-1472.532809,-1459.503972,
-13.027064,-1450.864922,-1437.837857,
-13.027064,-1450.864922,-1437.837857,
-13.027064,-1450.864922,-1437.837857,
-13.030254,-1446.693652,-1433.663399,
-13.030254,-1446.693652,-1433.663399,
-13.033013,-1443.875457,-1430.842444,
-13.033013,-1443.875457,-1430.842444,
-13.035976,-1444.869175,-1431.833199,
-13.035976,-1444.869175,-1431.833199,
-13.031968,-1444.687050,-1431.655081,
-13.037372,-1436.549286,-1423.511914,
-13.034489,-1432.718056,-1419.683567,
-13.034489,-1432.718056,-1419.683567,
-13.034489,-1432.718056,-1419.683567,
-13.034489,-1432.718056,-1419.683567,
-13.034489,-1432.718056,-1419.683567,
-13.034489,-1432.718056,-1419.683567,
-13.037049,-1432.160496,-1419.123447,
-13.037290,-1426.416262,-1413.378972,
-13.037290,-1426.416262,-1413.378972,
-13.037290,-1426.416262,-1413.378972,
-13.035275,-1428.015717,-1414.980442,
-13.038442,-1427.616777,-1414.578335,
-13.038442,-1427.616777,-1414.578335,
-13.038442,-1427.616777,-1414.578335,
-13.038442,-1427.616777,-1414.578335,
-13.038442,-1427.616777,-1414.578335,
-13.038442,-1427.616777,-1414.578335,
-13.036456,-1426.111171,-1413.074716,
-13.036456,-1426.111171,-1413.074716,
-13.034977,-1427.415874,-1414.380897,
-13.034977,-1427.415874,-1414.380897,
-13.035107,-1426.759040,-1413.723933,
-13.035107,-1426.759040,-1413.723933,
-13.035107,-1426.759040,-1413.723933,
-13.035107,-1426.759040,-1413.723933,
-13.035107,-1426.759040,-1413.723933,
-13.035107,-1426.759040,-1413.723933,
-13.033857,-1428.074979,-1415.041122,
-13.034558,-1428.328513,-1415.293955,
-13.034558,-1428.328513,-1415.293955,
-13.034558,-1428.328513,-1415.293955,
-13.033970,-1427.732099,-1414.698129,
-13.033970,-1427.732099,-1414.698129,
-13.033970,-1427.732099,-1414.698129,
-13.038616,-1425.501716,-1412.463100,
-13.038616,-1425.501716,-1412.463100,
-13.038616,-1425.501716,-1412.463100,
-13.036880,-1427.118423,-1414.081543,
-13.036880,-1427.118423,-1414.081543,
-13.034458,-1428.359124,-1415.324667,
-13.038708,-1425.360392,-1412.321684,
-13.038708,-1425.360392,-1412.321684,
-13.038708,-1425.360392,-1412.321684,
-13.038708,-1425.360392,-1412.321684,
-13.038733,-1425.992666,-1412.953933,
-13.038733,-1425.992666,-1412.953933,
-13.038733,-1425.992666,-1412.953933,
-13.039114,-1425.845312,-1412.806198,
-13.038882,-1427.199468,-1414.160587,
-13.038849,-1426.882307,-1413.843458,
-13.038849,-1426.882307,-1413.843458,
-13.035025,-1426.167673,-1413.132648,
-13.035025,-1426.167673,-1413.132648,
-13.035025,-1426.167673,-1413.132648,
-13.035025,-1426.167673,-1413.132648,
-13.036991,-1426.130735,-1413.093744,
-13.035464,-1425.586224,-1412.550760,
-13.035464,-1425.586224,-1412.550760,
-13.037077,-1426.246953,-1413.209876,
-13.037077,-1426.246953,-1413.209876,
-13.037077,-1426.246953,-1413.209876,
-13.037077,-1426.246953,-1413.209876,
-13.037679,-1425.762037,-1412.724358,
-13.038776,-1427.380629,-1414.341853,
-13.038776,-1427.380629,-1414.341853,
-13.037872,-1427.028668,-1413.990795,
-13.037872,-1427.028668,-1413.990795,
-13.037872,-1427.028668,-1413.990795,
-13.037872,-1427.028668,-1413.990795,
-13.037872,-1427.028668,-1413.990795,
-13.037564,-1427.298804,-1414.261239,
-13.037564,-1427.298804,-1414.261239,
-13.037564,-1427.298804,-1414.261239,
-13.037564,-1427.298804,-1414.261239,
-13.037564,-1427.298804,-1414.261239,
-13.037564,-1427.298804,-1414.261239,
-13.037564,-1427.298804,-1414.261239,
-13.037564,-1427.298804,-1414.261239,
-13.037564,-1427.298804,-1414.261239,
-13.034812,-1427.176122,-1414.141309,
-13.034812,-1427.176122,-1414.141309,
-13.034812,-1427.176122,-1414.141309,
-13.034812,-1427.176122,-1414.141309,
-13.038235,-1426.781885,-1413.743650,
-13.038235,-1426.781885,-1413.743650,
-13.038235,-1426.781885,-1413.743650,
-13.038235,-1426.781885,-1413.743650,
-13.038235,-1426.781885,-1413.743650,
-13.038235,-1426.781885,-1413.743650,
-13.038235,-1426.781885,-1413.743650,
-13.038235,-1426.781885,-1413.743650,
-13.038235,-1426.781885,-1413.743650,
-13.038235,-1426.781885,-1413.743650,
-13.038235,-1426.781885,-1413.743650,
-13.038235,-1426.781885,-1413.743650,
-13.039420,-1426.912854,-1413.873434,
-13.039420,-1426.912854,-1413.873434,
-13.039996,-1427.445113,-1414.405117,
-13.039996,-1427.445113,-1414.405117,
-13.039996,-1427.445113,-1414.405117,
-13.039996,-1427.445113,-1414.405117,
-13.038588,-1425.547705,-1412.509117,
-13.038588,-1425.547705,-1412.509117,
-13.038588,-1425.547705,-1412.509117,
-13.039767,-1426.188112,-1413.148346,
-13.039767,-1426.188112,-1413.148346,
-13.038048,-1425.979716,-1412.941668,
-13.038048,-1425.979716,-1412.941668,
-13.038048,-1425.979716,-1412.941668,
-13.038048,-1425.979716,-1412.941668,
-13.035623,-1426.400754,-1413.365132,
-13.035623,-1426.400754,-1413.365132,
-13.039005,-1426.275506,-1413.236502,
-13.039005,-1426.275506,-1413.236502,
-13.038849,-1426.510312,-1413.471463,
-13.038112,-1428.272185,-1415.234073,
-13.038620,-1426.783470,-1413.744851,
-13.039648,-1427.184558,-1414.144910,
-13.039648,-1427.184558,-1414.144910,
-13.039648,-1427.184558,-1414.144910,
-13.039648,-1427.184558,-1414.144910,
-13.039648,-1427.184558,-1414.144910,
-13.039648,-1427.184558,-1414.144910,
-13.039648,-1427.184558,-1414.144910,
-13.040117,-1426.661897,-1413.621780,
-13.036832,-1427.461971,-1414.425138,
-13.036832,-1427.461971,-1414.425138,
-13.036324,-1428.052165,-1415.015840,
-13.037867,-1426.830289,-1413.792422,
-13.037867,-1426.830289,-1413.792422,
-13.037867,-1426.830289,-1413.792422,
-13.037867,-1426.830289,-1413.792422,
-13.038206,-1428.772391,-1415.734185,
-13.038206,-1428.772391,-1415.734185,
-13.038206,-1428.772391,-1415.734185,
-13.038206,-1428.772391,-1415.734185,
-13.038206,-1428.772391,-1415.734185,
-13.040484,-1431.415296,-1418.374813,
-13.040484,-1431.415296,-1418.374813,
-13.038519,-1430.141447,-1417.102927,
-13.038519,-1430.141447,-1417.102927,
-13.038519,-1430.141447,-1417.102927,
-13.038519,-1430.141447,-1417.102927,
-13.038253,-1431.332916,-1418.294663,
-13.037015,-1430.456125,-1417.419110,
-13.037015,-1430.456125,-1417.419110,
-13.037015,-1430.456125,-1417.419110,
-13.037015,-1430.456125,-1417.419110,
-13.037015,-1430.456125,-1417.419110,
-13.037015,-1430.456125,-1417.419110,
-13.036969,-1431.268288,-1418.231319,
-13.035819,-1430.039604,-1417.003785,
-13.034127,-1428.952318,-1415.918191,
-13.034127,-1428.952318,-1415.918191,
-13.034690,-1428.242349,-1415.207659,
-13.033832,-1430.382628,-1417.348796,
-13.033832,-1430.382628,-1417.348796,
-13.033832,-1430.382628,-1417.348796,
-13.033832,-1430.382628,-1417.348796,
-13.034306,-1430.536246,-1417.501940,
-13.034359,-1427.725259,-1414.690900,
-13.034359,-1427.725259,-1414.690900,
-13.037098,-1428.863793,-1415.826695,
-13.033498,-1428.707611,-1415.674114,
-13.034282,-1428.195817,-1415.161535,
-13.034282,-1428.195817,-1415.161535,
-13.034282,-1428.195817,-1415.161535,
-13.034042,-1429.491361,-1416.457319,
-13.034042,-1429.491361,-1416.457319,
-13.034042,-1429.491361,-1416.457319,
-13.035318,-1429.496722,-1416.461404,
-13.035318,-1429.496722,-1416.461404,
-13.035318,-1429.496722,-1416.461404,
-13.035318,-1429.496722,-1416.461404,
-13.035318,-1429.496722,-1416.461404,
-13.035318,-1429.496722,-1416.461404,
-13.034534,-1429.842697,-1416.808163,
-13.034534,-1429.842697,-1416.808163,
-13.034534,-1429.842697,-1416.808163,
-13.032533,-1431.131486,-1418.098953,
-13.034456,-1429.850172,-1416.815716,
-13.034501,-1429.748685,-1416.714185,
-13.034501,-1429.748685,-1416.714185,
-13.034501,-1429.748685,-1416.714185,
-13.035924,-1428.725895,-1415.689971,
-13.034015,-1428.740604,-1415.706589,
-13.034015,-1428.740604,-1415.706589,
-13.035367,-1427.075296,-1414.039929,
-13.034733,-1426.820751,-1413.786019,
-13.034733,-1426.820751,-1413.786019,
-13.034733,-1426.820751,-1413.786019,
-13.034733,-1426.820751,-1413.786019,
-13.035295,-1426.691029,-1413.655734,
-13.035267,-1426.716940,-1413.681673,
-13.035267,-1426.716940,-1413.681673,
-13.035267,-1426.716940,-1413.681673,
-13.035267,-1426.716940,-1413.681673,
-13.035267,-1426.716940,-1413.681673,
-13.035267,-1426.716940,-1413.681673,
-13.037421,-1425.378605,-1412.341184,
-13.037421,-1425.378605,-1412.341184,
-13.037421,-1425.378605,-1412.341184,
-13.037421,-1425.378605,-1412.341184,
-13.034985,-1426.490402,-1413.455417,
-13.034985,-1426.490402,-1413.455417,
-13.034985,-1426.490402,-1413.455417,
-13.034985,-1426.490402,-1413.455417,
-13.034985,-1426.490402,-1413.455417,
-13.034985,-1426.490402,-1413.455417,
-13.034985,-1426.490402,-1413.455417,
-13.034985,-1426.490402,-1413.455417,
-13.034985,-1426.490402,-1413.455417,
-13.034985,-1426.490402,-1413.455417,
-13.036426,-1425.573792,-1412.537366,
-13.036426,-1425.573792,-1412.537366,
-13.036426,-1425.573792,-1412.537366,
-13.036426,-1425.573792,-1412.537366,
-13.036426,-1425.573792,-1412.537366,
-13.036426,-1425.573792,-1412.537366,
-13.036426,-1425.573792,-1412.537366,
-13.036426,-1425.573792,-1412.537366,
-13.036426,-1425.573792,-1412.537366,
-13.036426,-1425.573792,-1412.537366,
-13.036426,-1425.573792,-1412.537366,
-13.036426,-1425.573792,-1412.537366,
-13.036426,-1425.573792,-1412.537366,
-13.037030,-1425.460069,-1412.423039,
-13.037030,-1425.460069,-1412.423039,
-13.037030,-1425.460069,-1412.423039,
-13.038097,-1426.261441,-1413.223343,
-13.038097,-1426.261441,-1413.223343,
-13.036383,-1426.156654,-1413.120271,
-13.036383,-1426.156654,-1413.120271,
-13.036383,-1426.156654,-1413.120271,
-13.036383,-1426.156654,-1413.120271,
-13.038102,-1427.327125,-1414.289023,
-13.038102,-1427.327125,-1414.289023,
-13.038102,-1427.327125,-1414.289023,
-13.038102,-1427.327125,-1414.289023,
-13.038102,-1427.327125,-1414.289023,
-13.036951,-1427.555415,-1414.518464,
-13.037442,-1427.905213,-1414.867771,
-13.037442,-1427.905213,-1414.867771,
-13.037442,-1427.905213,-1414.867771,
-13.037442,-1427.905213,-1414.867771,
-13.037442,-1427.905213,-1414.867771,
-13.038470,-1427.447140,-1414.408670,
-13.038470,-1427.447140,-1414.408670,
-13.038470,-1427.447140,-1414.408670,
-13.037127,-1427.213947,-1414.176820,
-13.037127,-1427.213947,-1414.176820,
-13.037127,-1427.213947,-1414.176820,
-13.037406,-1427.639557,-1414.602151,
-13.037406,-1427.639557,-1414.602151,
-13.037406,-1427.639557,-1414.602151,
-13.037174,-1426.575326,-1413.538152,
-13.039048,-1426.490493,-1413.451446,
-13.037727,-1426.367107,-1413.329380,
-13.037727,-1426.367107,-1413.329380,
-13.037727,-1426.367107,-1413.329380,
-13.037727,-1426.367107,-1413.329380,
-13.037727,-1426.367107,-1413.329380,
-13.037930,-1426.802187,-1413.764257,
-13.037930,-1426.802187,-1413.764257,
-13.037458,-1427.118352,-1414.080894,
-13.037458,-1427.118352,-1414.080894,
-13.037458,-1427.118352,-1414.080894,
-13.037458,-1427.118352,-1414.080894,
-13.037458,-1427.118352,-1414.080894,
-13.037478,-1425.992968,-1412.955490,
-13.037478,-1425.992968,-1412.955490,
-13.037478,-1425.992968,-1412.955490,
-13.037478,-1425.992968,-1412.955490,
-13.037478,-1425.992968,-1412.955490,
-13.037478,-1425.992968,-1412.955490,
-13.037478,-1425.992968,-1412.955490,
-13.037478,-1425.992968,-1412.955490,
-13.037478,-1425.992968,-1412.955490,
-13.037753,-1425.641484,-1412.603731,
-13.037753,-1425.641484,-1412.603731,
-13.037753,-1425.641484,-1412.603731,
-13.037753,-1425.641484,-1412.603731,
-13.037753,-1425.641484,-1412.603731,
-13.037753,-1425.641484,-1412.603731,
-13.037753,-1425.641484,-1412.603731,
-13.037753,-1425.641484,-1412.603731,
-13.037753,-1425.641484,-1412.603731,
-13.037753,-1425.641484,-1412.603731,
-13.037753,-1425.641484,-1412.603731,
-13.038029,-1425.046233,-1412.008204,
-13.038029,-1425.046233,-1412.008204,
-13.038029,-1425.046233,-1412.008204,
-13.038029,-1425.046233,-1412.008204,
-13.038029,-1425.046233,-1412.008204,
-13.038029,-1425.046233,-1412.008204,
-13.038029,-1425.046233,-1412.008204,
-13.038029,-1425.046233,-1412.008204,
-13.038029,-1425.046233,-1412.008204,
-13.038029,-1425.046233,-1412.008204,
-13.038029,-1425.046233,-1412.008204,
-13.038029,-1425.046233,-1412.008204,
-13.038029,-1425.046233,-1412.008204,
-13.038029,-1425.046233,-1412.008204,
-13.038029,-1425.046233,-1412.008204,
-13.038029,-1425.046233,-1412.008204,
-13.038029,-1425.046233,-1412.008204,
-13.038029,-1425.046233,-1412.008204,
-13.038029,-1425.046233,-1412.008204,
-13.038029,-1425.046233,-1412.008204,
-13.036316,-1425.243065,-1412.206749,
-13.036316,-1425.243065,-1412.206749,
-13.036316,-1425.243065,-1412.206749,
-13.036316,-1425.243065,-1412.206749,
-13.036316,-1425.243065,-1412.206749,
-13.036316,-1425.243065,-1412.206749,
-13.036316,-1425.243065,-1412.206749,
-13.036316,-1425.243065,-1412.206749,
-13.036316,-1425.243065,-1412.206749,
-13.036316,-1425.243065,-1412.206749,
-13.036316,-1425.243065,-1412.206749,
-13.036316,-1425.243065,-1412.206749,
-13.036316,-1425.243065,-1412.206749,
-13.039008,-1426.120993,-1413.081985,
-13.039008,-1426.120993,-1413.081985,
-13.039008,-1426.120993,-1413.081985,
-13.039008,-1426.120993,-1413.081985,
-13.037366,-1426.545660,-1413.508295,
-13.037366,-1426.545660,-1413.508295,
-13.037366,-1426.545660,-1413.508295,
-13.037366,-1426.545660,-1413.508295,
-13.037366,-1426.545660,-1413.508295,
-13.037366,-1426.545660,-1413.508295,
-13.037629,-1427.036984,-1413.999356,
-13.037629,-1427.036984,-1413.999356,
-13.037629,-1427.036984,-1413.999356,
-13.038189,-1428.990399,-1415.952210,
-13.038497,-1428.111773,-1415.073277,
-13.038497,-1428.111773,-1415.073277,
-13.038497,-1428.111773,-1415.073277,
-13.038497,-1428.111773,-1415.073277,
-13.038497,-1428.111773,-1415.073277,
-13.038497,-1428.111773,-1415.073277,
-13.037230,-1429.033653,-1415.996424,
-13.037417,-1427.627733,-1414.590316,
-13.037417,-1427.627733,-1414.590316,
-13.035755,-1427.714489,-1414.678734,
-13.035755,-1427.714489,-1414.678734,
-13.035755,-1427.714489,-1414.678734,
-13.035755,-1427.714489,-1414.678734,
-13.035755,-1427.714489,-1414.678734,
-13.035755,-1427.714489,-1414.678734,
-13.037967,-1426.839833,-1413.801865,
-13.037967,-1426.839833,-1413.801865,
-13.037967,-1426.839833,-1413.801865,
-13.037967,-1426.839833,-1413.801865,
-13.039914,-1429.870526,-1416.830611,
-13.039914,-1429.870526,-1416.830611,
-13.039163,-1427.751308,-1414.712146,
-13.036907,-1428.379704,-1415.342797,
-13.038788,-1425.295519,-1412.256731,
-13.038788,-1425.295519,-1412.256731,
-13.038788,-1425.295519,-1412.256731,
-13.037359,-1426.200114,-1413.162755,
-13.037359,-1426.200114,-1413.162755,
-13.036988,-1426.794266,-1413.757278,
-13.036988,-1426.794266,-1413.757278,
-13.038438,-1425.864702,-1412.826264,
-13.038438,-1425.864702,-1412.826264,
-13.038438,-1425.864702,-1412.826264,
-13.037924,-1425.090749,-1412.052824,
-13.038183,-1426.468538,-1413.430356,
-13.039022,-1425.676065,-1412.637043,
-13.039022,-1425.676065,-1412.637043,
-13.038739,-1427.120629,-1414.081890,
-13.038739,-1427.120629,-1414.081890,
-13.038739,-1427.120629,-1414.081890,
-13.038739,-1427.120629,-1414.081890,
-13.039507,-1429.593122,-1416.553616,
-13.038738,-1429.520047,-1416.481309,
-13.038738,-1429.520047,-1416.481309,
-13.038738,-1429.520047,-1416.481309,
-13.038738,-1429.520047,-1416.481309,
-13.031848,-1432.418860,-1419.387012,
-13.031848,-1432.418860,-1419.387012,
-13.031848,-1432.418860,-1419.387012,
-13.031848,-1432.418860,-1419.387012,
-13.031848,-1432.418860,-1419.387012,
-13.031848,-1432.418860,-1419.387012,
-13.031848,-1432.418860,-1419.387012,
-13.031848,-1432.418860,-1419.387012,
-13.035549,-1432.188168,-1419.152619,
-13.035549,-1432.188168,-1419.152619,
-13.035571,-1426.077809,-1413.042238,
-13.035571,-1426.077809,-1413.042238,
-13.035571,-1426.077809,-1413.042238,
-13.035571,-1426.077809,-1413.042238,
-13.035571,-1426.077809,-1413.042238,
-13.037611,-1426.372021,-1413.334411,
-13.037611,-1426.372021,-1413.334411,
-13.037611,-1426.372021,-1413.334411,
-13.037611,-1426.372021,-1413.334411,
-13.037611,-1426.372021,-1413.334411,
-13.038902,-1426.915828,-1413.876926,
-13.038902,-1426.915828,-1413.876926,
-13.038545,-1426.451575,-1413.413030,
-13.038026,-1426.009260,-1412.971234,
-13.038026,-1426.009260,-1412.971234,
-13.038026,-1426.009260,-1412.971234,
-13.038026,-1426.009260,-1412.971234,
-13.036066,-1426.283144,-1413.247078,
-13.036066,-1426.283144,-1413.247078,
-13.035386,-1426.246320,-1413.210933,
-13.035629,-1426.904464,-1413.868835,
-13.035629,-1426.904464,-1413.868835,
-13.035629,-1426.904464,-1413.868835,
-13.035697,-1427.440707,-1414.405010,
-13.035697,-1427.440707,-1414.405010,
-13.035697,-1427.440707,-1414.405010,
-13.036115,-1425.570980,-1412.534865,
-13.036115,-1425.570980,-1412.534865,
-13.036115,-1425.570980,-1412.534865,
-13.036734,-1425.330840,-1412.294107,
-13.036734,-1425.330840,-1412.294107,
-13.036736,-1425.305692,-1412.268957,
-13.036736,-1425.305692,-1412.268957,
-13.036955,-1426.137210,-1413.100256,
-13.036955,-1426.137210,-1413.100256,
-13.036791,-1425.748651,-1412.711860,
-13.036791,-1425.748651,-1412.711860,
-13.036791,-1425.748651,-1412.711860,
-13.037414,-1426.211830,-1413.174416,
-13.038075,-1425.907932,-1412.869857,
-13.038075,-1425.907932,-1412.869857,
-13.036977,-1426.334337,-1413.297360,
-13.036684,-1425.499988,-1412.463304,
-13.037726,-1425.523097,-1412.485371,
-13.037726,-1425.523097,-1412.485371,
-13.038866,-1425.682125,-1412.643258,
-13.037479,-1425.731408,-1412.693930,
-13.037479,-1425.731408,-1412.693930,
-13.037479,-1425.731408,-1412.693930,
-13.037479,-1425.731408,-1412.693930,
-13.037479,-1425.731408,-1412.693930,
-13.039556,-1426.059148,-1413.019593,
-13.038780,-1426.206982,-1413.168202,
-13.037755,-1426.562490,-1413.524735,
-13.037755,-1426.562490,-1413.524735,
-13.037755,-1426.562490,-1413.524735,
-13.037755,-1426.562490,-1413.524735,
-13.037755,-1426.562490,-1413.524735,
-13.037755,-1426.562490,-1413.524735,
-13.037755,-1426.562490,-1413.524735,
-13.037755,-1426.562490,-1413.524735,
-13.035112,-1427.431611,-1414.396499,
-13.038353,-1426.667653,-1413.629300,
-13.041320,-1429.724214,-1416.682895,
-13.039117,-1429.769276,-1416.730159,
-13.040098,-1427.725132,-1414.685034,
-13.040098,-1427.725132,-1414.685034,
-13.041636,-1429.491656,-1416.450020,
-13.041041,-1430.522237,-1417.481195,
-13.041041,-1430.522237,-1417.481195,
-13.041041,-1430.522237,-1417.481195,
-13.041041,-1430.522237,-1417.481195,
-13.041041,-1430.522237,-1417.481195,
-13.041041,-1430.522237,-1417.481195,
-13.041041,-1430.522237,-1417.481195,
-13.041041,-1430.522237,-1417.481195,
-13.041041,-1430.522237,-1417.481195,
-13.041041,-1430.522237,-1417.481195,
-13.042118,-1429.962323,-1416.920205,
-13.042148,-1431.463911,-1418.421763,
-13.042148,-1431.463911,-1418.421763,
-13.042148,-1431.463911,-1418.421763,
-13.041016,-1429.122947,-1416.081931,
-13.043127,-1430.572723,-1417.529596,
-13.041262,-1429.338603,-1416.297341,
-13.042291,-1430.151807,-1417.109516,
-13.040958,-1429.652183,-1416.611226,
-13.039467,-1427.621480,-1414.582013,
-13.039467,-1427.621480,-1414.582013,
-13.039467,-1427.621480,-1414.582013,
-13.039467,-1427.621480,-1414.582013,
-13.039467,-1427.621480,-1414.582013,
-13.039467,-1427.621480,-1414.582013,
-13.039390,-1426.755293,-1413.715903,
-13.039390,-1426.755293,-1413.715903,
-13.038825,-1426.615196,-1413.576371,
-13.038825,-1426.615196,-1413.576371,
-13.039162,-1426.443931,-1413.404769,
-13.037339,-1427.677366,-1414.640027,
-13.037959,-1426.708129,-1413.670170,
-13.037959,-1426.708129,-1413.670170,
-13.036769,-1425.181319,-1412.144551,
-13.036769,-1425.181319,-1412.144551,
-13.036769,-1425.181319,-1412.144551,
-13.037098,-1425.655261,-1412.618163,
-13.037098,-1425.655261,-1412.618163,
-13.037098,-1425.655261,-1412.618163,
-13.037098,-1425.655261,-1412.618163,
-13.037098,-1425.655261,-1412.618163,
-13.037098,-1425.655261,-1412.618163,
-13.036129,-1426.634912,-1413.598784,
-13.036129,-1426.634912,-1413.598784,
-13.036129,-1426.634912,-1413.598784,
-13.036129,-1426.634912,-1413.598784,
-13.036129,-1426.634912,-1413.598784,
-13.035720,-1427.417921,-1414.382200,
-13.035720,-1427.417921,-1414.382200,
-13.035720,-1427.417921,-1414.382200,
-13.035401,-1426.221216,-1413.185815,
-13.036050,-1426.701507,-1413.665457,
-13.038071,-1426.179349,-1413.141277,
-13.038071,-1426.179349,-1413.141277,
-13.039532,-1427.291593,-1414.252060,
-13.038968,-1429.491574,-1416.452607,
-13.038632,-1431.067838,-1418.029206,
-13.038632,-1431.067838,-1418.029206,
-13.038632,-1431.067838,-1418.029206,
-13.038632,-1431.067838,-1418.029206,
-13.038632,-1431.067838,-1418.029206,
-13.038632,-1431.067838,-1418.029206,
-13.038632,-1431.067838,-1418.029206,
-13.039611,-1429.129070,-1416.089458,
-13.039356,-1427.371661,-1414.332305,
-13.039563,-1428.547857,-1415.508293,
-13.038631,-1428.299844,-1415.261213,
-13.039477,-1426.792047,-1413.752570,
-13.039477,-1426.792047,-1413.752570,
-13.039477,-1426.792047,-1413.752570,
-13.039477,-1426.792047,-1413.752570,
-13.035536,-1426.740718,-1413.705182,
-13.035536,-1426.740718,-1413.705182,
-13.035536,-1426.740718,-1413.705182,
-13.035536,-1426.740718,-1413.705182,
-13.039364,-1427.368608,-1414.329244,
-13.039364,-1427.368608,-1414.329244,
-13.039364,-1427.368608,-1414.329244,
-13.039364,-1427.368608,-1414.329244,
-13.039364,-1427.368608,-1414.329244,
-13.039364,-1427.368608,-1414.329244,
-13.039364,-1427.368608,-1414.329244,
-13.038758,-1426.826097,-1413.787339,
-13.037120,-1425.384182,-1412.347062,
-13.037120,-1425.384182,-1412.347062,
-13.037120,-1425.384182,-1412.347062,
-13.037120,-1425.384182,-1412.347062,
-13.037120,-1425.384182,-1412.347062,
-13.037120,-1425.384182,-1412.347062,
-13.035926,-1426.601697,-1413.565770,
-13.035926,-1426.601697,-1413.565770,
-13.038657,-1426.324608,-1413.285950,
-13.036864,-1427.558611,-1414.521748,
-13.036864,-1427.558611,-1414.521748,
-13.036864,-1427.558611,-1414.521748,
-13.036864,-1427.558611,-1414.521748,
-13.036864,-1427.558611,-1414.521748,
-13.033709,-1427.593574,-1414.559865,
-13.034768,-1427.088179,-1414.053411,
-13.034768,-1427.088179,-1414.053411,
-13.034768,-1427.088179,-1414.053411,
-13.035375,-1427.264710,-1414.229336,
-13.035375,-1427.264710,-1414.229336,
-13.034500,-1426.506074,-1413.471573,
-13.034500,-1426.506074,-1413.471573,
-13.036508,-1426.453650,-1413.417142,
-13.036508,-1426.453650,-1413.417142,
-13.037444,-1425.175558,-1412.138113,
-13.037444,-1425.175558,-1412.138113,
-13.037444,-1425.175558,-1412.138113,
-13.037444,-1425.175558,-1412.138113,
-13.037444,-1425.175558,-1412.138113,
-13.037444,-1425.175558,-1412.138113,
-13.037444,-1425.175558,-1412.138113,
-13.040447,-1427.525300,-1414.484853,
-13.042161,-1429.021619,-1415.979458,
-13.042161,-1429.021619,-1415.979458,
-13.042161,-1429.021619,-1415.979458,
-13.037358,-1427.280653,-1414.243295,
-13.037358,-1427.280653,-1414.243295,
-13.034530,-1428.255027,-1415.220497,
-13.034530,-1428.255027,-1415.220497,
-13.035759,-1428.241757,-1415.205998,
-13.034763,-1426.987798,-1413.953035,
-13.034763,-1426.987798,-1413.953035,
-13.038034,-1425.208047,-1412.170013,
-13.038034,-1425.208047,-1412.170013,
-13.038034,-1425.208047,-1412.170013,
-13.038230,-1426.481306,-1413.443075,
-13.036456,-1426.869000,-1413.832543,
-13.036456,-1426.869000,-1413.832543,
-13.035941,-1426.133757,-1413.097816,
-13.035941,-1426.133757,-1413.097816,
-13.035941,-1426.133757,-1413.097816,
-13.035941,-1426.133757,-1413.097816,
-13.035941,-1426.133757,-1413.097816,
-13.035941,-1426.133757,-1413.097816,
-13.035941,-1426.133757,-1413.097816,
-13.035941,-1426.133757,-1413.097816,
-13.035941,-1426.133757,-1413.097816,
-13.035941,-1426.133757,-1413.097816,
-13.035941,-1426.133757,-1413.097816,
-13.035941,-1426.133757,-1413.097816,
-13.035941,-1426.133757,-1413.097816,
-13.035941,-1426.133757,-1413.097816,
-13.036773,-1425.311671,-1412.274898,
-13.036773,-1425.311671,-1412.274898,
-13.037791,-1425.792917,-1412.755126,
-13.037791,-1425.792917,-1412.755126,
-13.037791,-1425.792917,-1412.755126,
-13.037791,-1425.792917,-1412.755126,
-13.037791,-1425.792917,-1412.755126,
-13.037791,-1425.792917,-1412.755126,
-13.037791,-1425.792917,-1412.755126,
-13.037791,-1425.792917,-1412.755126,
-13.037791,-1425.792917,-1412.755126,
-13.037791,-1425.792917,-1412.755126,
-13.037791,-1425.792917,-1412.755126,
-13.037791,-1425.792917,-1412.755126,
-13.037215,-1427.020545,-1413.983330,
-13.036172,-1427.389049,-1414.352877,
-13.037347,-1429.061700,-1416.024354,
-13.037347,-1429.061700,-1416.024354,
-13.037347,-1429.061700,-1416.024354,
-13.037304,-1426.566142,-1413.528838,
-13.037304,-1426.566142,-1413.528838,
-13.037358,-1427.418730,-1414.381372,
-13.038547,-1426.267373,-1413.228826,
-13.038547,-1426.267373,-1413.228826,
-13.038547,-1426.267373,-1413.228826,
-13.038547,-1426.267373,-1413.228826,
-13.038547,-1426.267373,-1413.228826,
-13.038547,-1426.267373,-1413.228826,
-13.038547,-1426.267373,-1413.228826,
-13.037891,-1425.648974,-1412.611083,
-13.038136,-1426.516797,-1413.478661,
-13.038136,-1426.516797,-1413.478661,
-13.038136,-1426.516797,-1413.478661,
-13.038136,-1426.516797,-1413.478661,
-13.036827,-1425.906041,-1412.869214,
-13.036827,-1425.906041,-1412.869214,
-13.036827,-1425.906041,-1412.869214,
-13.038614,-1426.891977,-1413.853363,
-13.038614,-1426.891977,-1413.853363,
-13.038614,-1426.891977,-1413.853363,
-13.038614,-1426.891977,-1413.853363,
-13.038614,-1426.891977,-1413.853363,
-13.038614,-1426.891977,-1413.853363,
-13.039522,-1427.051695,-1414.012172,
-13.039522,-1427.051695,-1414.012172,
-13.039522,-1427.051695,-1414.012172,
-13.039522,-1427.051695,-1414.012172,
-13.039522,-1427.051695,-1414.012172,
-13.039148,-1428.861819,-1415.822670,
-13.037731,-1426.004660,-1412.966929,
-13.037731,-1426.004660,-1412.966929,
-13.037731,-1426.004660,-1412.966929,
-13.037731,-1426.004660,-1412.966929,
-13.037731,-1426.004660,-1412.966929,
-13.037731,-1426.004660,-1412.966929,
-13.035327,-1426.808087,-1413.772761,
-13.035327,-1426.808087,-1413.772761,
-13.035327,-1426.808087,-1413.772761,
-13.035482,-1426.606580,-1413.571099,
-13.035779,-1427.134038,-1414.098259,
-13.035330,-1427.298795,-1414.263464,
-13.035330,-1427.298795,-1414.263464,
-13.037222,-1428.981543,-1415.944321,
-13.038007,-1429.192996,-1416.154989,
-13.038007,-1429.192996,-1416.154989,
-13.038007,-1429.192996,-1416.154989,
-13.038007,-1429.192996,-1416.154989,
-13.037851,-1432.417405,-1419.379554,
-13.037851,-1432.417405,-1419.379554,
-13.037851,-1432.417405,-1419.379554,
-13.034136,-1432.546393,-1419.512258,
-13.034136,-1432.546393,-1419.512258,
-13.034136,-1432.546393,-1419.512258,
-13.036961,-1431.964846,-1418.927885,
-13.036961,-1431.964846,-1418.927885,
-13.036961,-1431.964846,-1418.927885,
-13.036961,-1431.964846,-1418.927885,
-13.036961,-1431.964846,-1418.927885,
-13.036961,-1431.964846,-1418.927885,
-13.032795,-1436.347268,-1423.314473,
-13.032795,-1436.347268,-1423.314473,
-13.032795,-1436.347268,-1423.314473,
-13.032795,-1436.347268,-1423.314473,
-13.032795,-1436.347268,-1423.314473,
-13.032795,-1436.347268,-1423.314473,
-13.032795,-1436.347268,-1423.314473,
-13.037735,-1427.864611,-1414.826876,
-13.037735,-1427.864611,-1414.826876,
-13.037735,-1427.864611,-1414.826876,
-13.037249,-1426.776126,-1413.738877,
-13.037249,-1426.776126,-1413.738877,
-13.037249,-1426.776126,-1413.738877,
-13.037249,-1426.776126,-1413.738877,
-13.037249,-1426.776126,-1413.738877,
-13.037249,-1426.776126,-1413.738877,
-13.037249,-1426.776126,-1413.738877,
-13.037249,-1426.776126,-1413.738877,
-13.036829,-1425.894294,-1412.857465,
-13.036562,-1426.970590,-1413.934029,
-13.036562,-1426.970590,-1413.934029,
-13.036381,-1427.092318,-1414.055936,
-13.037335,-1426.327495,-1413.290160,
-13.035239,-1428.396580,-1415.361340,
-13.035239,-1428.396580,-1415.361340,
-13.034601,-1428.572105,-1415.537504,
-13.036695,-1426.693153,-1413.656459,
-13.036695,-1426.693153,-1413.656459,
-13.037468,-1425.176138,-1412.138670,
-13.037468,-1425.176138,-1412.138670,
-13.037468,-1425.176138,-1412.138670,
-13.037468,-1425.176138,-1412.138670,
-13.037468,-1425.176138,-1412.138670,
-13.037468,-1425.176138,-1412.138670,
-13.037468,-1425.176138,-1412.138670,
-13.037468,-1425.176138,-1412.138670,
-13.039778,-1426.711336,-1413.671558,
-13.039778,-1426.711336,-1413.671558,
-13.039778,-1426.711336,-1413.671558,
-13.038521,-1429.059581,-1416.021060,
-13.038521,-1429.059581,-1416.021060,
-13.041340,-1428.109518,-1415.068178,
-13.039567,-1427.878957,-1414.839389,
-13.039567,-1427.878957,-1414.839389,
-13.039567,-1427.878957,-1414.839389,
-13.039567,-1427.878957,-1414.839389,
-13.037972,-1428.321476,-1415.283504,
-13.037972,-1428.321476,-1415.283504,
-13.037972,-1428.321476,-1415.283504,
-13.037972,-1428.321476,-1415.283504,
-13.035230,-1428.434772,-1415.399542,
-13.035230,-1428.434772,-1415.399542,
-13.035230,-1428.434772,-1415.399542,
-13.034575,-1427.836339,-1414.801764,
-13.034575,-1427.836339,-1414.801764,
-13.034575,-1427.836339,-1414.801764,
-13.034951,-1426.580469,-1413.545518,
-13.034296,-1427.133646,-1414.099350,
-13.034296,-1427.133646,-1414.099350,
-13.034036,-1428.320293,-1415.286256,
-13.034036,-1428.320293,-1415.286256,
-13.033733,-1427.391380,-1414.357647,
-13.033733,-1427.391380,-1414.357647,
-13.033733,-1427.391380,-1414.357647,
-13.033733,-1427.391380,-1414.357647,
-13.033733,-1427.391380,-1414.357647,
-13.033733,-1427.391380,-1414.357647,
-13.033733,-1427.391380,-1414.357647,
-13.033733,-1427.391380,-1414.357647,
-13.034792,-1426.737773,-1413.702982,
-13.034792,-1426.737773,-1413.702982,
-13.034792,-1426.737773,-1413.702982,
-13.034792,-1426.737773,-1413.702982,
-13.034792,-1426.737773,-1413.702982,
-13.034792,-1426.737773,-1413.702982,
-13.034792,-1426.737773,-1413.702982,
-13.034792,-1426.737773,-1413.702982,
-13.034792,-1426.737773,-1413.702982,
-13.034792,-1426.737773,-1413.702982,
-13.034792,-1426.737773,-1413.702982,
-13.034792,-1426.737773,-1413.702982,
-13.034792,-1426.737773,-1413.702982,
-13.034792,-1426.737773,-1413.702982,
-13.034792,-1426.737773,-1413.702982,
-13.034792,-1426.737773,-1413.702982,
-13.034792,-1426.737773,-1413.702982,
-13.037654,-1425.230286,-1412.192632,
-13.037654,-1425.230286,-1412.192632,
-13.037654,-1425.230286,-1412.192632,
-13.037654,-1425.230286,-1412.192632,
-13.037654,-1425.230286,-1412.192632,
-13.037445,-1425.558883,-1412.521438,
-13.037885,-1426.409636,-1413.371751,
-13.036821,-1427.005128,-1413.968307,
-13.039161,-1425.991432,-1412.952271,
-13.037996,-1425.996874,-1412.958878,
-13.039786,-1426.394341,-1413.354555,
-13.040297,-1427.885093,-1414.844796,
-13.040297,-1427.885093,-1414.844796,
-13.040297,-1427.885093,-1414.844796,
-13.040297,-1427.885093,-1414.844796,
-13.040536,-1427.407382,-1414.366846,
-13.040536,-1427.407382,-1414.366846,
-13.040536,-1427.407382,-1414.366846,
-13.040536,-1427.407382,-1414.366846,
-13.038727,-1427.316328,-1414.277601,
-13.036941,-1426.497775,-1413.460835,
-13.036941,-1426.497775,-1413.460835,
-13.037312,-1425.592536,-1412.555224,
-13.036623,-1425.700504,-1412.663881,
-13.036623,-1425.700504,-1412.663881,
-13.036623,-1425.700504,-1412.663881,
-13.036623,-1425.700504,-1412.663881,
-13.036623,-1425.700504,-1412.663881,
-13.036623,-1425.700504,-1412.663881,
-13.036623,-1425.700504,-1412.663881,
-13.035464,-1425.572423,-1412.536959,
-13.035464,-1425.572423,-1412.536959,
-13.036277,-1425.890164,-1412.853887,
-13.035788,-1426.038353,-1413.002564,
-13.035788,-1426.038353,-1413.002564,
-13.037554,-1425.114281,-1412.076727,
-13.037554,-1425.114281,-1412.076727,
-13.037554,-1425.114281,-1412.076727,
-13.037554,-1425.114281,-1412.076727,
-13.037554,-1425.114281,-1412.076727,
-13.037554,-1425.114281,-1412.076727,
-13.037554,-1425.114281,-1412.076727,
-13.037554,-1425.114281,-1412.076727,
-13.037554,-1425.114281,-1412.076727,
-13.037554,-1425.114281,-1412.076727,
-13.037554,-1425.114281,-1412.076727,
-13.037554,-1425.114281,-1412.076727,
-13.037554,-1425.114281,-1412.076727,
-13.037554,-1425.114281,-1412.076727,
-13.037554,-1425.114281,-1412.076727,
-13.037961,-1426.383257,-1413.345297,
-13.037961,-1426.383257,-1413.345297,
-13.037961,-1426.383257,-1413.345297,
-13.037961,-1426.383257,-1413.345297,
-13.037961,-1426.383257,-1413.345297,
-13.037961,-1426.383257,-1413.345297,
-13.037961,-1426.383257,-1413.345297,
-13.037961,-1426.383257,-1413.345297,
-13.037961,-1426.383257,-1413.345297,
-13.038567,-1425.573255,-1412.534688,
-13.038567,-1425.573255,-1412.534688,
-13.038567,-1425.573255,-1412.534688,
-13.038472,-1425.440484,-1412.402013,
-13.038472,-1425.440484,-1412.402013,
-13.038472,-1425.440484,-1412.402013,
-13.038472,-1425.440484,-1412.402013,
-13.038472,-1425.440484,-1412.402013,
-13.038472,-1425.440484,-1412.402013,
-13.038472,-1425.440484,-1412.402013,
-13.038472,-1425.440484,-1412.402013,
-13.038176,-1426.588034,-1413.549858,
-13.035376,-1426.613867,-1413.578491,
-13.036727,-1425.586844,-1412.550117,
-13.036516,-1426.567608,-1413.531092,
-13.036516,-1426.567608,-1413.531092,
-13.036516,-1426.567608,-1413.531092,
-13.036516,-1426.567608,-1413.531092,
-13.036062,-1426.340753,-1413.304691,
-13.035333,-1426.559451,-1413.524119,
-13.035333,-1426.559451,-1413.524119,
-13.034769,-1426.376772,-1413.342003,
-13.036004,-1427.873483,-1414.837479,
-13.036004,-1427.873483,-1414.837479,
-13.036004,-1427.873483,-1414.837479,
-13.036004,-1427.873483,-1414.837479,
