5.229356, -1.832337, -6.596394, 7.104720, 
5.229356, -1.832337, -6.596394, 7.104720, 
5.229356, -1.832337, -6.596394, 7.104720, 
5.229356, -1.832337, -6.596394, 7.104720, 
5.229356, -1.832337, -6.596394, 7.104720, 
5.229356, -1.832337, -6.596394, 7.104720, 
5.229356, -1.832337, -6.596394, 7.104720, 
5.229356, -1.832337, -6.596394, 7.104720, 
5.229356, -1.832337, -6.596394, 7.104720, 
5.229356, -1.832337, -6.596394, 7.104720, 
11.844875, -4.164223, -7.371882, 16.360657, 
11.844875, -4.164223, -7.371882, 16.360657, 
11.844875, -4.164223, -7.371882, 16.360657, 
11.844875, -4.164223, -7.371882, 16.360657, 
11.844875, -4.164223, -7.371882, 16.360657, 
11.844875, -4.164223, -7.371882, 16.360657, 
11.844875, -4.164223, -7.371882, 16.360657, 
11.844875, -4.164223, -7.371882, 16.360657, 
11.844875, -4.164223, -7.371882, 16.360657, 
11.844875, -4.164223, -7.371882, 16.360657, 
-11.291717, -7.591112, 13.208251, 13.468468, 
-11.291717, -7.591112, 13.208251, 13.468468, 
-1.551043, 5.261547, 1.381203, 8.553506, 
-1.551043, 5.261547, 1.381203, 8.553506, 
-1.551043, 5.261547, 1.381203, 8.553506, 
-1.551043, 5.261547, 1.381203, 8.553506, 
-1.551043, 5.261547, 1.381203, 8.553506, 
-1.551043, 5.261547, 1.381203, 8.553506, 
-1.551043, 5.261547, 1.381203, 8.553506, 
-1.551043, 5.261547, 1.381203, 8.553506, 
-1.551043, 5.261547, 1.381203, 8.553506, 
-1.551043, 5.261547, 1.381203, 8.553506, 
-1.551043, 5.261547, 1.381203, 8.553506, 
-1.551043, 5.261547, 1.381203, 8.553506, 
-1.551043, 5.261547, 1.381203, 8.553506, 
-3.178010, 3.714420, 0.067501, 5.915968, 
-3.178010, 3.714420, 0.067501, 5.915968, 
-3.178010, 3.714420, 0.067501, 5.915968, 
-3.020589, 3.820131, -0.052283, 5.972965, 
-3.020589, 3.820131, -0.052283, 5.972965, 
-3.020589, 3.820131, -0.052283, 5.972965, 
-3.020589, 3.820131, -0.052283, 5.972965, 
-3.020589, 3.820131, -0.052283, 5.972965, 
-2.947100, 3.768004, -0.072577, 5.965047, 
-2.272281, 0.700089, 1.976346, 5.444719, 
-2.272281, 0.700089, 1.976346, 5.444719, 
-2.272281, 0.700089, 1.976346, 5.444719, 
-2.272281, 0.700089, 1.976346, 5.444719, 
-2.272281, 0.700089, 1.976346, 5.444719, 
-2.272281, 0.700089, 1.976346, 5.444719, 
-2.272281, 0.700089, 1.976346, 5.444719, 
-2.026364, 1.623649, 1.454283, 5.844863, 
-2.026364, 1.623649, 1.454283, 5.844863, 
-2.026364, 1.623649, 1.454283, 5.844863, 
-0.969301, 1.113499, 1.015050, 6.339686, 
-0.969301, 1.113499, 1.015050, 6.339686, 
-0.748209, 0.209636, 1.136780, 4.025581, 
-0.748209, 0.209636, 1.136780, 4.025581, 
-0.748209, 0.209636, 1.136780, 4.025581, 
-0.653025, 1.145187, 0.908137, 4.036873, 
-0.653025, 1.145187, 0.908137, 4.036873, 
-0.653025, 1.145187, 0.908137, 4.036873, 
-0.515268, 1.224581, 0.819456, 3.873744, 
-0.197361, 1.419618, 0.907307, 3.956316, 
-0.204148, 1.213924, 1.048785, 4.096469, 
-0.208554, 1.379256, 1.079289, 4.177464, 
-0.155201, 1.204049, 1.128911, 4.285187, 
0.210716, 1.606817, 1.017194, 4.072886, 
0.210716, 1.606817, 1.017194, 4.072886, 
0.271850, 1.728005, 0.995733, 4.156231, 
0.531529, 1.831027, 0.991373, 4.094058, 
0.531529, 1.831027, 0.991373, 4.094058, 
0.478596, 1.871021, 1.098428, 4.065568, 
0.801782, 1.757507, 1.099977, 4.063944, 
0.801782, 1.757507, 1.099977, 4.063944, 
0.801782, 1.757507, 1.099977, 4.063944, 
0.801782, 1.757507, 1.099977, 4.063944, 
0.822477, 1.487387, 1.193186, 4.313593, 
0.806460, 1.571085, 1.326963, 4.285156, 
1.004795, 1.708350, 1.282882, 4.058349, 
1.004795, 1.708350, 1.282882, 4.058349, 
0.840228, 1.817246, 1.410381, 4.531780, 
1.067324, 1.897863, 1.411887, 4.155345, 
1.067324, 1.897863, 1.411887, 4.155345, 
1.055693, 1.813869, 1.474760, 4.187824, 
1.055693, 1.813869, 1.474760, 4.187824, 
0.985820, 1.868850, 1.520476, 4.070966, 
0.985820, 1.868850, 1.520476, 4.070966, 
0.942811, 1.771540, 1.663366, 3.907591, 
1.059757, 1.775967, 1.731091, 3.747537, 
1.059757, 1.775967, 1.731091, 3.747537, 
1.059757, 1.775967, 1.731091, 3.747537, 
1.059757, 1.775967, 1.731091, 3.747537, 
0.892250, 1.872821, 1.955822, 3.975730, 
0.923401, 1.853030, 2.003724, 3.995639, 
0.969693, 1.886702, 2.009625, 4.073132, 
0.845844, 1.932986, 2.130434, 3.949614, 
0.845844, 1.932986, 2.130434, 3.949614, 
0.845844, 1.932986, 2.130434, 3.949614, 
0.845844, 1.932986, 2.130434, 3.949614, 
0.817186, 2.001381, 2.230670, 4.091311, 
0.817186, 2.001381, 2.230670, 4.091311, 
0.817186, 2.001381, 2.230670, 4.091311, 
0.817186, 2.001381, 2.230670, 4.091311, 
0.817186, 2.001381, 2.230670, 4.091311, 
0.677245, 2.114617, 2.422190, 4.093608, 
0.677245, 2.114617, 2.422190, 4.093608, 
0.677245, 2.114617, 2.422190, 4.093608, 
0.639542, 2.144030, 2.483365, 4.066618, 
0.754961, 2.103374, 2.457043, 4.187213, 
0.754961, 2.103374, 2.457043, 4.187213, 
0.754961, 2.103374, 2.457043, 4.187213, 
0.754961, 2.103374, 2.457043, 4.187213, 
0.754961, 2.103374, 2.457043, 4.187213, 
0.736520, 2.200049, 2.656974, 4.051762, 
0.736520, 2.200049, 2.656974, 4.051762, 
0.736520, 2.200049, 2.656974, 4.051762, 
0.736520, 2.200049, 2.656974, 4.051762, 
0.802529, 2.183121, 2.653050, 4.174466, 
0.907219, 2.350905, 3.058706, 4.160407, 
0.907219, 2.350905, 3.058706, 4.160407, 
0.907219, 2.350905, 3.058706, 4.160407, 
0.907219, 2.350905, 3.058706, 4.160407, 
0.907219, 2.350905, 3.058706, 4.160407, 
0.930114, 2.233674, 2.901960, 4.078912, 
0.781894, 2.061683, 2.858528, 3.907135, 
0.781894, 2.061683, 2.858528, 3.907135, 
0.781894, 2.061683, 2.858528, 3.907135, 
0.781894, 2.061683, 2.858528, 3.907135, 
0.781894, 2.061683, 2.858528, 3.907135, 
0.781894, 2.061683, 2.858528, 3.907135, 
0.781894, 2.061683, 2.858528, 3.907135, 
0.742117, 1.888227, 3.093406, 4.134152, 
0.742117, 1.888227, 3.093406, 4.134152, 
0.742117, 1.888227, 3.093406, 4.134152, 
0.742117, 1.888227, 3.093406, 4.134152, 
0.873108, 1.905564, 3.140030, 4.103336, 
0.873108, 1.905564, 3.140030, 4.103336, 
0.873108, 1.905564, 3.140030, 4.103336, 
0.873108, 1.905564, 3.140030, 4.103336, 
0.873108, 1.905564, 3.140030, 4.103336, 
0.845776, 2.001564, 2.919650, 4.108419, 
0.845776, 2.001564, 2.919650, 4.108419, 
0.898697, 1.979577, 2.989431, 4.123490, 
0.898697, 1.979577, 2.989431, 4.123490, 
1.079381, 1.913522, 2.998783, 4.049139, 
1.079381, 1.913522, 2.998783, 4.049139, 
1.034141, 1.907247, 3.088523, 4.094166, 
1.034141, 1.907247, 3.088523, 4.094166, 
1.034141, 1.907247, 3.088523, 4.094166, 
1.034141, 1.907247, 3.088523, 4.094166, 
1.034141, 1.907247, 3.088523, 4.094166, 
1.034141, 1.907247, 3.088523, 4.094166, 
1.034141, 1.907247, 3.088523, 4.094166, 
1.034141, 1.907247, 3.088523, 4.094166, 
1.019717, 1.912607, 3.116486, 4.069157, 
1.043433, 1.922975, 3.094008, 4.098317, 
1.043433, 1.922975, 3.094008, 4.098317, 
1.043433, 1.922975, 3.094008, 4.098317, 
1.043433, 1.922975, 3.094008, 4.098317, 
1.043433, 1.922975, 3.094008, 4.098317, 
1.020125, 1.863785, 3.091765, 4.104857, 
1.026970, 1.859592, 3.023640, 4.075745, 
1.026970, 1.859592, 3.023640, 4.075745, 
1.026970, 1.859592, 3.023640, 4.075745, 
1.018624, 1.933275, 3.044463, 4.052217, 
1.018624, 1.933275, 3.044463, 4.052217, 
1.018624, 1.933275, 3.044463, 4.052217, 
1.018624, 1.933275, 3.044463, 4.052217, 
1.033560, 1.936087, 3.013128, 4.045570, 
1.033560, 1.936087, 3.013128, 4.045570, 
0.992137, 1.943845, 3.006147, 4.056190, 
0.992137, 1.943845, 3.006147, 4.056190, 
1.008456, 1.902627, 2.967595, 4.030596, 
1.027559, 1.919376, 2.976363, 4.064170, 
1.027559, 1.919376, 2.976363, 4.064170, 
1.027559, 1.919376, 2.976363, 4.064170, 
1.027559, 1.919376, 2.976363, 4.064170, 
1.027559, 1.919376, 2.976363, 4.064170, 
0.975334, 1.924114, 2.975632, 4.054236, 
0.940168, 1.942539, 2.977140, 4.063634, 
0.940168, 1.942539, 2.977140, 4.063634, 
0.945097, 1.965073, 3.001326, 4.080362, 
0.945097, 1.965073, 3.001326, 4.080362, 
0.977638, 1.965829, 2.973893, 4.084229, 
0.974515, 1.941723, 2.968591, 4.077595, 
0.974515, 1.941723, 2.968591, 4.077595, 
0.974515, 1.941723, 2.968591, 4.077595, 
0.974515, 1.941723, 2.968591, 4.077595, 
0.974515, 1.941723, 2.968591, 4.077595, 
0.974515, 1.941723, 2.968591, 4.077595, 
0.974515, 1.941723, 2.968591, 4.077595, 
0.997756, 1.925423, 2.978538, 4.067399, 
0.997756, 1.925423, 2.978538, 4.067399, 
0.997756, 1.925423, 2.978538, 4.067399, 
0.997756, 1.925423, 2.978538, 4.067399, 
0.997756, 1.925423, 2.978538, 4.067399, 
0.997756, 1.925423, 2.978538, 4.067399, 
0.997756, 1.925423, 2.978538, 4.067399, 
0.997756, 1.925423, 2.978538, 4.067399, 
0.997756, 1.925423, 2.978538, 4.067399, 
0.984117, 1.938929, 2.986134, 4.065759, 
0.984117, 1.938929, 2.986134, 4.065759, 
0.984117, 1.938929, 2.986134, 4.065759, 
0.984117, 1.938929, 2.986134, 4.065759, 
0.984627, 1.920907, 2.998025, 4.058868, 
0.984627, 1.920907, 2.998025, 4.058868, 
1.008347, 1.914641, 2.955631, 4.084252, 
1.008347, 1.914641, 2.955631, 4.084252, 
1.017621, 1.905068, 2.945479, 4.074084, 
1.017621, 1.905068, 2.945479, 4.074084, 
1.017621, 1.905068, 2.945479, 4.074084, 
1.017621, 1.905068, 2.945479, 4.074084, 
1.017621, 1.905068, 2.945479, 4.074084, 
1.001152, 1.897928, 2.965877, 4.095300, 
1.049943, 1.939504, 3.015362, 4.084565, 
1.049943, 1.939504, 3.015362, 4.084565, 
1.029443, 1.959098, 3.028199, 4.051447, 
1.029443, 1.959098, 3.028199, 4.051447, 
1.021969, 1.976504, 3.046048, 4.041020, 
1.021969, 1.976504, 3.046048, 4.041020, 
1.021969, 1.976504, 3.046048, 4.041020, 
1.019415, 1.956961, 2.995756, 4.053720, 
1.019415, 1.956961, 2.995756, 4.053720, 
1.006632, 1.960163, 3.017285, 4.041667, 
1.006632, 1.960163, 3.017285, 4.041667, 
1.014937, 1.973877, 3.005387, 4.037486, 
1.014937, 1.973877, 3.005387, 4.037486, 
1.008784, 1.990517, 3.028632, 4.050007, 
1.008784, 1.990517, 3.028632, 4.050007, 
1.008784, 1.990517, 3.028632, 4.050007, 
1.028474, 1.938466, 3.041575, 4.021839, 
1.028474, 1.938466, 3.041575, 4.021839, 
1.059711, 1.956803, 3.000762, 4.071701, 
1.059711, 1.956803, 3.000762, 4.071701, 
1.059711, 1.956803, 3.000762, 4.071701, 
1.086912, 1.907674, 3.028030, 4.033967, 
1.086912, 1.907674, 3.028030, 4.033967, 
1.086912, 1.907674, 3.028030, 4.033967, 
1.086912, 1.907674, 3.028030, 4.033967, 
1.086912, 1.907674, 3.028030, 4.033967, 
1.086912, 1.907674, 3.028030, 4.033967, 
1.044134, 1.908703, 3.041939, 3.998502, 
1.044134, 1.908703, 3.041939, 3.998502, 
1.049981, 1.927857, 3.044453, 4.036834, 
1.049981, 1.927857, 3.044453, 4.036834, 
1.049981, 1.927857, 3.044453, 4.036834, 
1.035953, 1.959184, 3.067564, 4.046082, 
1.033794, 1.922503, 3.054773, 4.037246, 
1.033794, 1.922503, 3.054773, 4.037246, 
1.033794, 1.922503, 3.054773, 4.037246, 
1.017474, 1.928668, 2.993164, 4.040260, 
0.996811, 1.904832, 2.982562, 4.066093, 
0.998863, 1.914912, 2.952010, 4.070801, 
0.968657, 1.950485, 2.971351, 4.018658, 
0.964435, 1.957548, 3.039591, 4.061358, 
0.986409, 1.942262, 3.055307, 4.083625, 
0.986409, 1.942262, 3.055307, 4.083625, 
0.986409, 1.942262, 3.055307, 4.083625, 
0.976620, 1.973095, 3.062118, 4.048724, 
0.958685, 1.978238, 3.024120, 4.035849, 
0.958685, 1.978238, 3.024120, 4.035849, 
1.001767, 1.943585, 3.073432, 4.066435, 
1.001767, 1.943585, 3.073432, 4.066435, 
0.973193, 1.958162, 3.062997, 4.081424, 
0.973193, 1.958162, 3.062997, 4.081424, 
0.957759, 1.963439, 3.035649, 4.087336, 
0.976259, 1.989136, 3.070153, 4.093367, 
0.976259, 1.989136, 3.070153, 4.093367, 
1.036290, 1.983472, 3.080555, 4.095378, 
1.037416, 1.968159, 3.085485, 4.075551, 
1.074758, 1.949395, 3.093594, 4.061548, 
1.004253, 1.876593, 3.053178, 4.082705, 
1.004253, 1.876593, 3.053178, 4.082705, 
1.004253, 1.876593, 3.053178, 4.082705, 
1.004253, 1.876593, 3.053178, 4.082705, 
1.004253, 1.876593, 3.053178, 4.082705, 
0.982752, 1.893241, 3.042384, 4.061050, 
0.958460, 1.925550, 3.030350, 4.060548, 
0.958460, 1.925550, 3.030350, 4.060548, 
0.958460, 1.925550, 3.030350, 4.060548, 
0.958460, 1.925550, 3.030350, 4.060548, 
0.958460, 1.925550, 3.030350, 4.060548, 
0.958460, 1.925550, 3.030350, 4.060548, 
0.958460, 1.925550, 3.030350, 4.060548, 
0.958460, 1.925550, 3.030350, 4.060548, 
0.958460, 1.925550, 3.030350, 4.060548, 
0.956471, 1.960589, 3.034631, 4.077532, 
0.945948, 1.967356, 2.974534, 4.089459, 
0.945948, 1.967356, 2.974534, 4.089459, 
0.945948, 1.967356, 2.974534, 4.089459, 
0.998674, 1.943046, 2.966963, 4.028862, 
0.998674, 1.943046, 2.966963, 4.028862, 
0.998674, 1.943046, 2.966963, 4.028862, 
0.998674, 1.943046, 2.966963, 4.028862, 
0.998674, 1.943046, 2.966963, 4.028862, 
0.998674, 1.943046, 2.966963, 4.028862, 
0.998674, 1.943046, 2.966963, 4.028862, 
0.998674, 1.943046, 2.966963, 4.028862, 
0.998674, 1.943046, 2.966963, 4.028862, 
0.976092, 1.946742, 2.958326, 4.051346, 
0.976092, 1.946742, 2.958326, 4.051346, 
0.976092, 1.946742, 2.958326, 4.051346, 
0.936399, 1.945830, 2.940614, 4.071564, 
0.919438, 1.982182, 2.954760, 4.039575, 
0.987794, 1.968239, 2.925467, 4.045276, 
0.987794, 1.968239, 2.925467, 4.045276, 
0.946048, 1.957603, 2.963797, 4.102695, 
0.946048, 1.957603, 2.963797, 4.102695, 
0.946048, 1.957603, 2.963797, 4.102695, 
0.950256, 1.933382, 3.009585, 4.097233, 
0.970448, 1.958946, 2.988970, 4.077728, 
0.970448, 1.958946, 2.988970, 4.077728, 
0.970448, 1.958946, 2.988970, 4.077728, 
0.970448, 1.958946, 2.988970, 4.077728, 
0.970448, 1.958946, 2.988970, 4.077728, 
0.970448, 1.958946, 2.988970, 4.077728, 
0.970448, 1.958946, 2.988970, 4.077728, 
0.970448, 1.958946, 2.988970, 4.077728, 
0.970448, 1.958946, 2.988970, 4.077728, 
0.970448, 1.958946, 2.988970, 4.077728, 
0.923093, 1.965971, 3.051078, 4.086215, 
0.963917, 1.953065, 3.053967, 4.077669, 
0.963917, 1.953065, 3.053967, 4.077669, 
0.963917, 1.953065, 3.053967, 4.077669, 
1.001484, 1.930580, 3.044633, 4.066993, 
1.001484, 1.930580, 3.044633, 4.066993, 
1.001484, 1.930580, 3.044633, 4.066993, 
1.001484, 1.930580, 3.044633, 4.066993, 
1.001484, 1.930580, 3.044633, 4.066993, 
1.001484, 1.930580, 3.044633, 4.066993, 
0.991084, 1.921068, 3.088897, 4.075973, 
0.991084, 1.921068, 3.088897, 4.075973, 
0.991084, 1.921068, 3.088897, 4.075973, 
0.991084, 1.921068, 3.088897, 4.075973, 
0.991084, 1.921068, 3.088897, 4.075973, 
0.958521, 1.926917, 3.077131, 4.028109, 
0.958521, 1.926917, 3.077131, 4.028109, 
0.951324, 1.937332, 3.034762, 3.963678, 
0.951324, 1.937332, 3.034762, 3.963678, 
0.951324, 1.937332, 3.034762, 3.963678, 
0.978954, 1.950561, 3.030007, 3.956213, 
1.016121, 1.922786, 3.008978, 3.969222, 
0.985920, 1.933268, 3.015147, 3.949227, 
0.985920, 1.933268, 3.015147, 3.949227, 
0.985920, 1.933268, 3.015147, 3.949227, 
0.985920, 1.933268, 3.015147, 3.949227, 
0.985920, 1.933268, 3.015147, 3.949227, 
0.985920, 1.933268, 3.015147, 3.949227, 
0.985920, 1.933268, 3.015147, 3.949227, 
0.987268, 1.928945, 2.978744, 3.991341, 
0.987268, 1.928945, 2.978744, 3.991341, 
0.996091, 1.937732, 3.028940, 4.007052, 
0.996091, 1.937732, 3.028940, 4.007052, 
0.996091, 1.937732, 3.028940, 4.007052, 
0.996091, 1.937732, 3.028940, 4.007052, 
0.949982, 1.944609, 3.015229, 3.982424, 
0.949982, 1.944609, 3.015229, 3.982424, 
0.949982, 1.944609, 3.015229, 3.982424, 
0.949982, 1.944609, 3.015229, 3.982424, 
0.949982, 1.944609, 3.015229, 3.982424, 
0.949982, 1.944609, 3.015229, 3.982424, 
0.962642, 1.954484, 3.009479, 4.049522, 
0.962642, 1.954484, 3.009479, 4.049522, 
0.980738, 1.903261, 3.049774, 4.070716, 
0.980738, 1.903261, 3.049774, 4.070716, 
0.980738, 1.903261, 3.049774, 4.070716, 
0.980738, 1.903261, 3.049774, 4.070716, 
0.973046, 1.913017, 3.026674, 4.109585, 
0.973046, 1.913017, 3.026674, 4.109585, 
1.000541, 1.903104, 3.054154, 4.041460, 
1.000541, 1.903104, 3.054154, 4.041460, 
0.981953, 1.895305, 3.030015, 4.028210, 
0.981953, 1.895305, 3.030015, 4.028210, 
0.981953, 1.895305, 3.030015, 4.028210, 
0.981953, 1.895305, 3.030015, 4.028210, 
0.981953, 1.895305, 3.030015, 4.028210, 
0.989039, 1.911788, 3.020791, 4.005296, 
0.959192, 1.897907, 3.016909, 4.018649, 
0.959192, 1.897907, 3.016909, 4.018649, 
0.959192, 1.897907, 3.016909, 4.018649, 
0.959192, 1.897907, 3.016909, 4.018649, 
0.959192, 1.897907, 3.016909, 4.018649, 
0.959192, 1.897907, 3.016909, 4.018649, 
0.959192, 1.897907, 3.016909, 4.018649, 
0.959192, 1.897907, 3.016909, 4.018649, 
0.959192, 1.897907, 3.016909, 4.018649, 
0.939824, 1.928487, 3.006823, 4.012403, 
0.939824, 1.928487, 3.006823, 4.012403, 
0.939824, 1.928487, 3.006823, 4.012403, 
0.939824, 1.928487, 3.006823, 4.012403, 
0.986284, 1.903537, 3.034607, 4.003720, 
0.986284, 1.903537, 3.034607, 4.003720, 
0.986284, 1.903537, 3.034607, 4.003720, 
0.995292, 1.923626, 3.023675, 4.031770, 
0.995292, 1.923626, 3.023675, 4.031770, 
0.980657, 1.967589, 3.020719, 4.062607, 
0.980657, 1.967589, 3.020719, 4.062607, 
0.980657, 1.967589, 3.020719, 4.062607, 
0.980657, 1.967589, 3.020719, 4.062607, 
0.947343, 1.930407, 3.004359, 4.055498, 
0.985430, 1.918432, 3.016071, 4.054900, 
0.985430, 1.918432, 3.016071, 4.054900, 
0.985430, 1.918432, 3.016071, 4.054900, 
0.991122, 1.955197, 3.044476, 4.045668, 
0.981128, 1.932105, 3.021928, 4.048280, 
0.981128, 1.932105, 3.021928, 4.048280, 
0.981795, 1.927306, 3.008864, 4.054876, 
0.981795, 1.927306, 3.008864, 4.054876, 
0.954335, 1.900546, 3.033858, 4.051756, 
0.954335, 1.900546, 3.033858, 4.051756, 
0.954335, 1.900546, 3.033858, 4.051756, 
0.953152, 1.943693, 3.028383, 4.056970, 
0.953152, 1.943693, 3.028383, 4.056970, 
0.953152, 1.943693, 3.028383, 4.056970, 
0.953152, 1.943693, 3.028383, 4.056970, 
0.973672, 1.952130, 3.031336, 4.063071, 
0.973672, 1.952130, 3.031336, 4.063071, 
0.973672, 1.952130, 3.031336, 4.063071, 
0.973672, 1.952130, 3.031336, 4.063071, 
0.972277, 1.951197, 3.008430, 4.030980, 
0.972277, 1.951197, 3.008430, 4.030980, 
0.995002, 1.952260, 3.038163, 4.086968, 
0.995002, 1.952260, 3.038163, 4.086968, 
0.995002, 1.952260, 3.038163, 4.086968, 
0.995002, 1.952260, 3.038163, 4.086968, 
0.995002, 1.952260, 3.038163, 4.086968, 
0.995002, 1.952260, 3.038163, 4.086968, 
0.967236, 1.946812, 3.005191, 4.103264, 
0.971974, 1.934816, 2.967544, 4.099734, 
0.971974, 1.934816, 2.967544, 4.099734, 
0.963448, 1.944447, 2.976788, 4.033304, 
0.963448, 1.944447, 2.976788, 4.033304, 
0.968935, 1.942049, 3.010082, 4.031497, 
0.968935, 1.942049, 3.010082, 4.031497, 
0.968935, 1.942049, 3.010082, 4.031497, 
0.968935, 1.942049, 3.010082, 4.031497, 
0.968935, 1.942049, 3.010082, 4.031497, 
0.968935, 1.942049, 3.010082, 4.031497, 
0.968935, 1.942049, 3.010082, 4.031497, 
0.968935, 1.942049, 3.010082, 4.031497, 
0.968935, 1.942049, 3.010082, 4.031497, 
0.997688, 1.912899, 3.015155, 4.022235, 
1.005202, 1.935308, 3.066661, 4.034691, 
1.030286, 1.889133, 2.980955, 4.030033, 
1.030286, 1.889133, 2.980955, 4.030033, 
1.043865, 1.913476, 3.003338, 4.018364, 
0.993038, 1.896726, 2.976289, 4.018868, 
0.993038, 1.896726, 2.976289, 4.018868, 
0.993038, 1.896726, 2.976289, 4.018868, 
0.949184, 1.939650, 2.976189, 4.006924, 
0.949184, 1.939650, 2.976189, 4.006924, 
0.949184, 1.939650, 2.976189, 4.006924, 
0.949184, 1.939650, 2.976189, 4.006924, 
0.982715, 1.969854, 3.016808, 4.010460, 
1.003796, 1.983072, 3.034682, 4.045443, 
1.032841, 1.893398, 3.000680, 4.021671, 
1.030950, 1.904007, 3.012523, 4.040182, 
0.997206, 1.915432, 2.959625, 4.046966, 
0.986432, 1.924902, 2.932553, 4.006714, 
1.058266, 1.886865, 2.961850, 4.069962, 
1.056496, 1.895490, 2.996346, 4.111628, 
1.048703, 1.902913, 2.976303, 4.081678, 
1.057120, 1.922636, 3.007821, 4.104917, 
1.057120, 1.922636, 3.007821, 4.104917, 
1.057120, 1.922636, 3.007821, 4.104917, 
1.057120, 1.922636, 3.007821, 4.104917, 
1.057120, 1.922636, 3.007821, 4.104917, 
1.057120, 1.922636, 3.007821, 4.104917, 
1.057120, 1.922636, 3.007821, 4.104917, 
1.058038, 1.949423, 2.985188, 4.076178, 
1.058038, 1.949423, 2.985188, 4.076178, 
1.050580, 1.944509, 2.990649, 4.056328, 
1.050580, 1.944509, 2.990649, 4.056328, 
1.050580, 1.944509, 2.990649, 4.056328, 
1.050580, 1.944509, 2.990649, 4.056328, 
1.050580, 1.944509, 2.990649, 4.056328, 
1.036330, 1.943721, 3.010885, 4.045455, 
1.036330, 1.943721, 3.010885, 4.045455, 
1.036330, 1.943721, 3.010885, 4.045455, 
1.036330, 1.943721, 3.010885, 4.045455, 
0.987233, 1.940444, 3.038670, 4.066283, 
1.006254, 1.973170, 3.020010, 4.080775, 
1.006254, 1.973170, 3.020010, 4.080775, 
1.006254, 1.973170, 3.020010, 4.080775, 
0.998253, 1.961211, 3.052205, 4.030836, 
0.998253, 1.961211, 3.052205, 4.030836, 
0.994514, 1.930287, 3.000777, 4.068262, 
0.994514, 1.930287, 3.000777, 4.068262, 
0.964702, 1.948201, 2.988618, 4.044097, 
0.964702, 1.948201, 2.988618, 4.044097, 
0.964702, 1.948201, 2.988618, 4.044097, 
0.964702, 1.948201, 2.988618, 4.044097, 
0.964702, 1.948201, 2.988618, 4.044097, 
0.964702, 1.948201, 2.988618, 4.044097, 
1.007401, 1.911905, 2.994857, 4.029986, 
1.007401, 1.911905, 2.994857, 4.029986, 
1.052823, 1.913604, 2.979863, 4.068908, 
1.052823, 1.913604, 2.979863, 4.068908, 
1.052823, 1.913604, 2.979863, 4.068908, 
1.052823, 1.913604, 2.979863, 4.068908, 
1.029427, 1.934411, 2.995532, 4.096305, 
1.029427, 1.934411, 2.995532, 4.096305, 
1.029427, 1.934411, 2.995532, 4.096305, 
1.029427, 1.934411, 2.995532, 4.096305, 
1.029427, 1.934411, 2.995532, 4.096305, 
0.999388, 1.910659, 3.000831, 4.094511, 
0.999388, 1.910659, 3.000831, 4.094511, 
0.999388, 1.910659, 3.000831, 4.094511, 
0.999388, 1.910659, 3.000831, 4.094511, 
0.999388, 1.910659, 3.000831, 4.094511, 
0.999388, 1.910659, 3.000831, 4.094511, 
0.999388, 1.910659, 3.000831, 4.094511, 
0.999388, 1.910659, 3.000831, 4.094511, 
0.999388, 1.910659, 3.000831, 4.094511, 
0.954445, 1.930684, 3.007531, 4.083485, 
0.954445, 1.930684, 3.007531, 4.083485, 
0.952037, 1.934011, 3.076603, 4.036386, 
0.952037, 1.934011, 3.076603, 4.036386, 
0.952037, 1.934011, 3.076603, 4.036386, 
0.952037, 1.934011, 3.076603, 4.036386, 
0.938641, 1.894091, 3.063876, 4.096419, 
0.938641, 1.894091, 3.063876, 4.096419, 
0.938641, 1.894091, 3.063876, 4.096419, 
0.937038, 1.932868, 3.097035, 4.099143, 
0.939592, 1.887644, 3.058458, 4.096577, 
0.939592, 1.887644, 3.058458, 4.096577, 
0.939592, 1.887644, 3.058458, 4.096577, 
0.939592, 1.887644, 3.058458, 4.096577, 
0.939592, 1.887644, 3.058458, 4.096577, 
0.939592, 1.887644, 3.058458, 4.096577, 
0.939592, 1.887644, 3.058458, 4.096577, 
0.939592, 1.887644, 3.058458, 4.096577, 
1.031275, 1.865702, 3.008911, 4.075279, 
0.998595, 1.905810, 3.092049, 4.048944, 
0.998595, 1.905810, 3.092049, 4.048944, 
1.003058, 1.848754, 2.974579, 4.068009, 
1.003058, 1.848754, 2.974579, 4.068009, 
1.003058, 1.848754, 2.974579, 4.068009, 
1.009372, 1.851875, 2.989395, 4.085952, 
1.009372, 1.851875, 2.989395, 4.085952, 
1.009372, 1.851875, 2.989395, 4.085952, 
1.009372, 1.851875, 2.989395, 4.085952, 
1.009372, 1.851875, 2.989395, 4.085952, 
1.009372, 1.851875, 2.989395, 4.085952, 
0.992968, 1.880976, 3.007773, 4.059548, 
0.955307, 1.934825, 2.982886, 4.041335, 
0.955307, 1.934825, 2.982886, 4.041335, 
0.955307, 1.934825, 2.982886, 4.041335, 
0.955307, 1.934825, 2.982886, 4.041335, 
0.942587, 1.957098, 3.038199, 4.036272, 
0.942587, 1.957098, 3.038199, 4.036272, 
0.942587, 1.957098, 3.038199, 4.036272, 
0.942587, 1.957098, 3.038199, 4.036272, 
0.968901, 1.914855, 3.044657, 4.028101, 
0.968901, 1.914855, 3.044657, 4.028101, 
0.968901, 1.914855, 3.044657, 4.028101, 
0.968901, 1.914855, 3.044657, 4.028101, 
0.998178, 1.936053, 3.045795, 3.992490, 
0.998178, 1.936053, 3.045795, 3.992490, 
0.998178, 1.936053, 3.045795, 3.992490, 
0.992005, 1.907078, 3.052499, 4.023339, 
0.965919, 1.909853, 3.047610, 4.053273, 
0.965919, 1.909853, 3.047610, 4.053273, 
1.019649, 1.913782, 3.063026, 4.071987, 
1.036189, 1.917183, 3.033834, 4.085361, 
1.035552, 1.902884, 3.015839, 4.087460, 
1.026969, 1.894164, 2.973270, 4.091370, 
0.993569, 1.962002, 3.000740, 4.043165, 
0.993569, 1.962002, 3.000740, 4.043165, 
0.993569, 1.962002, 3.000740, 4.043165, 
0.993569, 1.962002, 3.000740, 4.043165, 
0.993569, 1.962002, 3.000740, 4.043165, 
0.993569, 1.962002, 3.000740, 4.043165, 
0.993569, 1.962002, 3.000740, 4.043165, 
0.993569, 1.962002, 3.000740, 4.043165, 
0.993569, 1.962002, 3.000740, 4.043165, 
0.993569, 1.962002, 3.000740, 4.043165, 
0.993569, 1.962002, 3.000740, 4.043165, 
0.993569, 1.962002, 3.000740, 4.043165, 
0.993569, 1.962002, 3.000740, 4.043165, 
0.993569, 1.962002, 3.000740, 4.043165, 
0.990885, 1.952877, 3.003931, 4.059361, 
0.990885, 1.952877, 3.003931, 4.059361, 
0.980873, 1.926054, 3.048148, 4.050445, 
0.980873, 1.926054, 3.048148, 4.050445, 
0.980873, 1.926054, 3.048148, 4.050445, 
0.980873, 1.926054, 3.048148, 4.050445, 
0.980873, 1.926054, 3.048148, 4.050445, 
0.980873, 1.926054, 3.048148, 4.050445, 
1.010498, 1.923654, 2.987892, 4.058363, 
1.010498, 1.923654, 2.987892, 4.058363, 
1.010739, 1.927310, 3.000160, 4.083887, 
0.998454, 1.911474, 3.006938, 4.025138, 
0.998454, 1.911474, 3.006938, 4.025138, 
0.971738, 1.901396, 3.003006, 4.064091, 
0.971885, 1.909924, 2.992013, 4.064996, 
0.986000, 1.925016, 2.980303, 4.043171, 
0.986000, 1.925016, 2.980303, 4.043171, 
0.986000, 1.925016, 2.980303, 4.043171, 
0.986000, 1.925016, 2.980303, 4.043171, 
0.986000, 1.925016, 2.980303, 4.043171, 
0.986000, 1.925016, 2.980303, 4.043171, 
0.979636, 1.924520, 3.004812, 4.044114, 
0.979636, 1.924520, 3.004812, 4.044114, 
0.979636, 1.924520, 3.004812, 4.044114, 
0.979636, 1.924520, 3.004812, 4.044114, 
0.979636, 1.924520, 3.004812, 4.044114, 
0.979636, 1.924520, 3.004812, 4.044114, 
0.979636, 1.924520, 3.004812, 4.044114, 
0.979636, 1.924520, 3.004812, 4.044114, 
0.959965, 1.960300, 3.039057, 4.046300, 
0.959965, 1.960300, 3.039057, 4.046300, 
0.959965, 1.960300, 3.039057, 4.046300, 
0.959965, 1.960300, 3.039057, 4.046300, 
0.964783, 1.972782, 3.028955, 4.035243, 
0.964783, 1.972782, 3.028955, 4.035243, 
0.964783, 1.972782, 3.028955, 4.035243, 
0.964783, 1.972782, 3.028955, 4.035243, 
0.919068, 1.933883, 3.012935, 4.024956, 
0.919068, 1.933883, 3.012935, 4.024956, 
0.919068, 1.933883, 3.012935, 4.024956, 
0.919068, 1.933883, 3.012935, 4.024956, 
0.963832, 1.918617, 2.989818, 4.000281, 
0.963832, 1.918617, 2.989818, 4.000281, 
0.963832, 1.918617, 2.989818, 4.000281, 
0.963832, 1.918617, 2.989818, 4.000281, 
0.980661, 1.898043, 3.041920, 4.016294, 
0.980661, 1.898043, 3.041920, 4.016294, 
0.980661, 1.898043, 3.041920, 4.016294, 
1.010466, 1.944480, 3.068046, 4.068645, 
1.010466, 1.944480, 3.068046, 4.068645, 
1.010466, 1.944480, 3.068046, 4.068645, 
1.010466, 1.944480, 3.068046, 4.068645, 
1.022356, 1.972437, 2.991638, 4.037589, 
1.022356, 1.972437, 2.991638, 4.037589, 
1.020995, 1.986564, 3.002219, 4.027981, 
1.020995, 1.986564, 3.002219, 4.027981, 
1.020995, 1.986564, 3.002219, 4.027981, 
1.018730, 1.934080, 3.014054, 4.051384, 
1.031334, 1.923796, 2.994236, 4.059706, 
1.031334, 1.923796, 2.994236, 4.059706, 
1.031334, 1.923796, 2.994236, 4.059706, 
1.031334, 1.923796, 2.994236, 4.059706, 
1.031334, 1.923796, 2.994236, 4.059706, 
1.014280, 1.980386, 2.987681, 4.054940, 
1.014280, 1.980386, 2.987681, 4.054940, 
0.994729, 1.985337, 3.001524, 4.068279, 
0.994729, 1.985337, 3.001524, 4.068279, 
0.994729, 1.985337, 3.001524, 4.068279, 
1.003405, 2.006771, 3.016324, 4.038841, 
1.024271, 1.971326, 3.005667, 4.048821, 
1.024271, 1.971326, 3.005667, 4.048821, 
1.024271, 1.971326, 3.005667, 4.048821, 
1.024271, 1.971326, 3.005667, 4.048821, 
1.002931, 1.919920, 3.022188, 4.088872, 
1.027100, 1.928587, 3.053379, 4.083765, 
1.004394, 1.896895, 3.054713, 4.033444, 
1.004394, 1.896895, 3.054713, 4.033444, 
0.984691, 1.877786, 3.010554, 4.026694, 
0.984691, 1.877786, 3.010554, 4.026694, 
0.973423, 1.900976, 2.989350, 4.009817, 
0.973423, 1.900976, 2.989350, 4.009817, 
0.973423, 1.900976, 2.989350, 4.009817, 
0.973423, 1.900976, 2.989350, 4.009817, 
0.973423, 1.900976, 2.989350, 4.009817, 
0.973423, 1.900976, 2.989350, 4.009817, 
0.973423, 1.900976, 2.989350, 4.009817, 
0.973423, 1.900976, 2.989350, 4.009817, 
0.959644, 1.918328, 3.051982, 4.005951, 
0.960550, 1.892802, 3.056369, 3.986941, 
0.972414, 1.875332, 3.019951, 3.986532, 
0.971447, 1.914275, 3.053859, 3.974715, 
0.971447, 1.914275, 3.053859, 3.974715, 
0.971447, 1.914275, 3.053859, 3.974715, 
0.971447, 1.914275, 3.053859, 3.974715, 
0.947704, 1.917453, 3.030358, 3.974343, 
0.947704, 1.917453, 3.030358, 3.974343, 
0.956183, 1.918063, 2.977820, 3.982572, 
0.947826, 1.916840, 3.024780, 3.974441, 
1.006425, 1.922776, 3.078378, 3.978047, 
1.006425, 1.922776, 3.078378, 3.978047, 
1.028360, 1.906579, 3.104618, 3.995947, 
1.028360, 1.906579, 3.104618, 3.995947, 
1.028360, 1.906579, 3.104618, 3.995947, 
1.028360, 1.906579, 3.104618, 3.995947, 
1.028360, 1.906579, 3.104618, 3.995947, 
1.028360, 1.906579, 3.104618, 3.995947, 
1.028360, 1.906579, 3.104618, 3.995947, 
1.028360, 1.906579, 3.104618, 3.995947, 
1.026207, 1.892562, 3.076178, 4.000539, 
1.026207, 1.892562, 3.076178, 4.000539, 
1.026207, 1.892562, 3.076178, 4.000539, 
1.017967, 1.869068, 3.070965, 4.061972, 
1.017967, 1.869068, 3.070965, 4.061972, 
0.963691, 1.892192, 3.093216, 4.073609, 
0.952307, 1.919259, 3.081974, 4.057055, 
0.952307, 1.919259, 3.081974, 4.057055, 
1.014570, 1.914015, 3.068986, 4.062554, 
0.988814, 1.930345, 3.053221, 4.108501, 
0.988814, 1.930345, 3.053221, 4.108501, 
0.988814, 1.930345, 3.053221, 4.108501, 
0.988814, 1.930345, 3.053221, 4.108501, 
0.988814, 1.930345, 3.053221, 4.108501, 
0.988814, 1.930345, 3.053221, 4.108501, 
1.026579, 1.927508, 3.049272, 4.070597, 
1.026579, 1.927508, 3.049272, 4.070597, 
1.026579, 1.927508, 3.049272, 4.070597, 
1.026579, 1.927508, 3.049272, 4.070597, 
1.002000, 1.934734, 3.020270, 4.005177, 
0.937064, 1.949537, 3.062854, 4.068959, 
0.937064, 1.949537, 3.062854, 4.068959, 
0.937064, 1.949537, 3.062854, 4.068959, 
1.039813, 1.927500, 3.016032, 4.036969, 
1.039813, 1.927500, 3.016032, 4.036969, 
0.995057, 1.919967, 3.028761, 4.091132, 
0.995057, 1.919967, 3.028761, 4.091132, 
0.995057, 1.919967, 3.028761, 4.091132, 
0.995057, 1.919967, 3.028761, 4.091132, 
0.986907, 1.970182, 3.059576, 4.044091, 
0.986907, 1.970182, 3.059576, 4.044091, 
0.986907, 1.970182, 3.059576, 4.044091, 
0.986907, 1.970182, 3.059576, 4.044091, 
0.986907, 1.970182, 3.059576, 4.044091, 
0.986907, 1.970182, 3.059576, 4.044091, 
0.986907, 1.970182, 3.059576, 4.044091, 
0.986907, 1.970182, 3.059576, 4.044091, 
0.986907, 1.970182, 3.059576, 4.044091, 
0.986907, 1.970182, 3.059576, 4.044091, 
0.986907, 1.970182, 3.059576, 4.044091, 
0.978545, 1.923339, 3.071222, 4.036384, 
0.968333, 1.933839, 3.011085, 4.053134, 
0.968333, 1.933839, 3.011085, 4.053134, 
0.968333, 1.933839, 3.011085, 4.053134, 
0.968333, 1.933839, 3.011085, 4.053134, 
0.968333, 1.933839, 3.011085, 4.053134, 
0.968333, 1.933839, 3.011085, 4.053134, 
0.968333, 1.933839, 3.011085, 4.053134, 
0.968333, 1.933839, 3.011085, 4.053134, 
0.968333, 1.933839, 3.011085, 4.053134, 
0.968333, 1.933839, 3.011085, 4.053134, 
0.968333, 1.933839, 3.011085, 4.053134, 
0.947499, 1.971947, 2.972772, 4.063327, 
0.947499, 1.971947, 2.972772, 4.063327, 
0.947499, 1.971947, 2.972772, 4.063327, 
0.947499, 1.971947, 2.972772, 4.063327, 
0.985888, 1.938417, 2.975406, 4.044274, 
0.985888, 1.938417, 2.975406, 4.044274, 
0.995723, 1.947971, 2.995877, 4.066502, 
0.995723, 1.947971, 2.995877, 4.066502, 
0.995723, 1.947971, 2.995877, 4.066502, 
0.995723, 1.947971, 2.995877, 4.066502, 
0.995723, 1.947971, 2.995877, 4.066502, 
0.957634, 1.950916, 3.009913, 4.089581, 
0.957634, 1.950916, 3.009913, 4.089581, 
0.957634, 1.950916, 3.009913, 4.089581, 
0.957634, 1.950916, 3.009913, 4.089581, 
0.957634, 1.950916, 3.009913, 4.089581, 
0.957634, 1.950916, 3.009913, 4.089581, 
0.957634, 1.950916, 3.009913, 4.089581, 
1.000399, 1.965108, 2.995263, 4.082333, 
1.000399, 1.965108, 2.995263, 4.082333, 
0.977759, 1.900671, 3.020029, 4.095745, 
0.957157, 1.895553, 3.003635, 4.083765, 
0.957157, 1.895553, 3.003635, 4.083765, 
0.957157, 1.895553, 3.003635, 4.083765, 
0.957157, 1.895553, 3.003635, 4.083765, 
0.957157, 1.895553, 3.003635, 4.083765, 
0.957157, 1.895553, 3.003635, 4.083765, 
0.957157, 1.895553, 3.003635, 4.083765, 
0.957157, 1.895553, 3.003635, 4.083765, 
0.957157, 1.895553, 3.003635, 4.083765, 
0.974990, 1.922500, 2.967132, 4.071768, 
0.974990, 1.922500, 2.967132, 4.071768, 
0.974990, 1.922500, 2.967132, 4.071768, 
0.974990, 1.922500, 2.967132, 4.071768, 
0.974990, 1.922500, 2.967132, 4.071768, 
0.965383, 1.981881, 2.974503, 4.034252, 
0.965383, 1.981881, 2.974503, 4.034252, 
0.965383, 1.981881, 2.974503, 4.034252, 
0.965383, 1.981881, 2.974503, 4.034252, 
0.965383, 1.981881, 2.974503, 4.034252, 
0.979447, 1.986811, 2.969171, 4.061967, 
0.979447, 1.986811, 2.969171, 4.061967, 
0.979447, 1.986811, 2.969171, 4.061967, 
0.979447, 1.986811, 2.969171, 4.061967, 
0.979447, 1.986811, 2.969171, 4.061967, 
0.979447, 1.986811, 2.969171, 4.061967, 
0.979447, 1.986811, 2.969171, 4.061967, 
0.979447, 1.986811, 2.969171, 4.061967, 
0.979447, 1.986811, 2.969171, 4.061967, 
0.979447, 1.986811, 2.969171, 4.061967, 
0.979447, 1.986811, 2.969171, 4.061967, 
0.979447, 1.986811, 2.969171, 4.061967, 
0.984003, 1.982497, 2.995416, 4.072381, 
0.984003, 1.982497, 2.995416, 4.072381, 
0.984003, 1.982497, 2.995416, 4.072381, 
0.984003, 1.982497, 2.995416, 4.072381, 
0.984003, 1.982497, 2.995416, 4.072381, 
0.984003, 1.982497, 2.995416, 4.072381, 
1.022319, 1.951250, 2.979229, 4.068894, 
1.022319, 1.951250, 2.979229, 4.068894, 
1.022319, 1.951250, 2.979229, 4.068894, 
0.977527, 1.961975, 3.016006, 4.025000, 
0.977527, 1.961975, 3.016006, 4.025000, 
0.977527, 1.961975, 3.016006, 4.025000, 
0.986970, 1.934729, 3.025813, 4.006058, 
0.986970, 1.934729, 3.025813, 4.006058, 
0.986970, 1.934729, 3.025813, 4.006058, 
1.024320, 1.906964, 3.021401, 4.035882, 
1.024320, 1.906964, 3.021401, 4.035882, 
0.967365, 1.916189, 3.015613, 4.018495, 
0.994047, 1.908445, 3.009396, 3.994275, 
0.994047, 1.908445, 3.009396, 3.994275, 
0.964827, 1.925482, 3.040201, 4.020010, 
0.964827, 1.925482, 3.040201, 4.020010, 
0.964827, 1.925482, 3.040201, 4.020010, 
0.964827, 1.925482, 3.040201, 4.020010, 
0.964827, 1.925482, 3.040201, 4.020010, 
0.947847, 1.930704, 3.009712, 4.040228, 
0.947847, 1.930704, 3.009712, 4.040228, 
0.947847, 1.930704, 3.009712, 4.040228, 
0.947847, 1.930704, 3.009712, 4.040228, 
0.947847, 1.930704, 3.009712, 4.040228, 
0.947847, 1.930704, 3.009712, 4.040228, 
0.947847, 1.930704, 3.009712, 4.040228, 
0.947847, 1.930704, 3.009712, 4.040228, 
0.947847, 1.930704, 3.009712, 4.040228, 
0.947847, 1.930704, 3.009712, 4.040228, 
0.947847, 1.930704, 3.009712, 4.040228, 
0.947847, 1.930704, 3.009712, 4.040228, 
0.938653, 1.957162, 3.033267, 4.075317, 
0.938653, 1.957162, 3.033267, 4.075317, 
0.938653, 1.957162, 3.033267, 4.075317, 
0.938653, 1.957162, 3.033267, 4.075317, 
0.938653, 1.957162, 3.033267, 4.075317, 
0.938653, 1.957162, 3.033267, 4.075317, 
0.918471, 1.930685, 3.046537, 4.073124, 
0.918471, 1.930685, 3.046537, 4.073124, 
0.918471, 1.930685, 3.046537, 4.073124, 
0.926784, 1.949222, 3.071727, 4.062253, 
0.926784, 1.949222, 3.071727, 4.062253, 
0.962639, 1.946679, 3.068795, 4.071320, 
0.976073, 1.989149, 3.049266, 4.120371, 
0.976073, 1.989149, 3.049266, 4.120371, 
0.976073, 1.989149, 3.049266, 4.120371, 
0.961023, 1.941931, 2.960446, 4.096376, 
0.961023, 1.941931, 2.960446, 4.096376, 
0.971234, 1.929724, 2.942554, 4.053886, 
0.975703, 1.896168, 3.018533, 4.048298, 
0.975703, 1.896168, 3.018533, 4.048298, 
0.985069, 1.951870, 3.012058, 4.018955, 
1.001116, 1.897667, 2.979455, 4.027783, 
1.001116, 1.897667, 2.979455, 4.027783, 
1.001765, 1.940153, 3.033609, 4.009526, 
0.955509, 1.917906, 3.018530, 4.039295, 
0.955509, 1.917906, 3.018530, 4.039295, 
0.955509, 1.917906, 3.018530, 4.039295, 
0.955509, 1.917906, 3.018530, 4.039295, 
0.955509, 1.917906, 3.018530, 4.039295, 
0.955509, 1.917906, 3.018530, 4.039295, 
0.955509, 1.917906, 3.018530, 4.039295, 
0.955509, 1.917906, 3.018530, 4.039295, 
0.955509, 1.917906, 3.018530, 4.039295, 
0.928007, 1.900029, 3.005177, 4.026255, 
0.928007, 1.900029, 3.005177, 4.026255, 
0.928007, 1.900029, 3.005177, 4.026255, 
0.928007, 1.900029, 3.005177, 4.026255, 
0.928007, 1.900029, 3.005177, 4.026255, 
0.935434, 1.928645, 3.041618, 4.099734, 
0.935434, 1.928645, 3.041618, 4.099734, 
0.965229, 1.921122, 3.057138, 4.055126, 
0.965229, 1.921122, 3.057138, 4.055126, 
0.962109, 1.915049, 3.064639, 4.062188, 
0.962109, 1.915049, 3.064639, 4.062188, 
0.972713, 1.903522, 2.996561, 4.099113, 
0.952520, 1.923804, 3.005876, 4.062673, 
0.953302, 1.952820, 2.990261, 4.046741, 
0.963934, 1.931415, 2.995514, 4.021789, 
0.963934, 1.931415, 2.995514, 4.021789, 
0.963934, 1.931415, 2.995514, 4.021789, 
0.963934, 1.931415, 2.995514, 4.021789, 
0.958346, 1.920278, 3.017922, 4.038158, 
0.961962, 1.961298, 3.019293, 4.009307, 
0.961962, 1.961298, 3.019293, 4.009307, 
0.961962, 1.961298, 3.019293, 4.009307, 
0.961962, 1.961298, 3.019293, 4.009307, 
0.961962, 1.961298, 3.019293, 4.009307, 
0.961962, 1.961298, 3.019293, 4.009307, 
0.961962, 1.961298, 3.019293, 4.009307, 
0.961962, 1.961298, 3.019293, 4.009307, 
0.961962, 1.961298, 3.019293, 4.009307, 
0.959222, 1.943151, 2.975871, 4.028536, 
0.959222, 1.943151, 2.975871, 4.028536, 
0.959222, 1.943151, 2.975871, 4.028536, 
0.959222, 1.943151, 2.975871, 4.028536, 
0.959222, 1.943151, 2.975871, 4.028536, 
1.011829, 1.930035, 2.973745, 4.049674, 
0.940942, 1.926797, 2.979541, 4.033026, 
0.940942, 1.926797, 2.979541, 4.033026, 
0.940942, 1.926797, 2.979541, 4.033026, 
0.940942, 1.926797, 2.979541, 4.033026, 
0.981690, 1.928929, 2.961737, 4.051712, 
0.981690, 1.928929, 2.961737, 4.051712, 
0.989049, 1.941777, 3.043371, 4.027454, 
0.989049, 1.941777, 3.043371, 4.027454, 
1.028820, 1.969530, 3.065204, 4.025778, 
0.984146, 2.005584, 3.059308, 4.021630, 
0.984146, 2.005584, 3.059308, 4.021630, 
0.984146, 2.005584, 3.059308, 4.021630, 
0.984146, 2.005584, 3.059308, 4.021630, 
0.984146, 2.005584, 3.059308, 4.021630, 
0.993460, 1.990231, 3.051671, 4.034370, 
0.993460, 1.990231, 3.051671, 4.034370, 
0.993460, 1.990231, 3.051671, 4.034370, 
0.993460, 1.990231, 3.051671, 4.034370, 
0.989223, 1.987710, 3.032984, 4.057593, 
0.989223, 1.987710, 3.032984, 4.057593, 
0.989223, 1.987710, 3.032984, 4.057593, 
0.965117, 1.983056, 3.021441, 4.052935, 
0.964080, 1.973428, 3.008671, 4.064105, 
0.964080, 1.973428, 3.008671, 4.064105, 
0.964080, 1.973428, 3.008671, 4.064105, 
0.964080, 1.973428, 3.008671, 4.064105, 
0.964080, 1.973428, 3.008671, 4.064105, 
0.964080, 1.973428, 3.008671, 4.064105, 
0.971422, 1.974211, 2.993863, 4.061777, 
0.971422, 1.974211, 2.993863, 4.061777, 
0.971422, 1.974211, 2.993863, 4.061777, 
0.971422, 1.974211, 2.993863, 4.061777, 
0.971422, 1.974211, 2.993863, 4.061777, 
0.971422, 1.974211, 2.993863, 4.061777, 
0.971422, 1.974211, 2.993863, 4.061777, 
0.971422, 1.974211, 2.993863, 4.061777, 
0.971422, 1.974211, 2.993863, 4.061777, 
0.929668, 1.932794, 2.969639, 4.067832, 
0.929668, 1.932794, 2.969639, 4.067832, 
0.934911, 1.955599, 2.982414, 4.070191, 
0.934911, 1.955599, 2.982414, 4.070191, 
0.934911, 1.955599, 2.982414, 4.070191, 
0.934911, 1.955599, 2.982414, 4.070191, 
0.933443, 1.976346, 3.000657, 4.067808, 
0.933443, 1.976346, 3.000657, 4.067808, 
0.933443, 1.976346, 3.000657, 4.067808, 
0.933443, 1.976346, 3.000657, 4.067808, 
0.933443, 1.976346, 3.000657, 4.067808, 
0.933443, 1.976346, 3.000657, 4.067808, 
0.933443, 1.976346, 3.000657, 4.067808, 
0.933443, 1.976346, 3.000657, 4.067808, 
0.933443, 1.976346, 3.000657, 4.067808, 
0.933443, 1.976346, 3.000657, 4.067808, 
0.933443, 1.976346, 3.000657, 4.067808, 
0.933443, 1.976346, 3.000657, 4.067808, 
0.933443, 1.976346, 3.000657, 4.067808, 
0.933443, 1.976346, 3.000657, 4.067808, 
0.933443, 1.976346, 3.000657, 4.067808, 
0.933443, 1.976346, 3.000657, 4.067808, 
0.933443, 1.976346, 3.000657, 4.067808, 
0.933443, 1.976346, 3.000657, 4.067808, 
0.933443, 1.976346, 3.000657, 4.067808, 
0.933443, 1.976346, 3.000657, 4.067808, 
0.933443, 1.976346, 3.000657, 4.067808, 
0.933443, 1.976346, 3.000657, 4.067808, 
0.933443, 1.976346, 3.000657, 4.067808, 
0.933443, 1.976346, 3.000657, 4.067808, 
0.933443, 1.976346, 3.000657, 4.067808, 
0.933443, 1.976346, 3.000657, 4.067808, 
0.933443, 1.976346, 3.000657, 4.067808, 
0.933443, 1.976346, 3.000657, 4.067808, 
1.020453, 1.985304, 3.021570, 4.103740, 
0.999494, 2.002787, 3.042962, 4.068266, 
0.999494, 2.002787, 3.042962, 4.068266, 
0.999494, 2.002787, 3.042962, 4.068266, 
0.953336, 1.977076, 3.033650, 4.029173, 
0.953336, 1.977076, 3.033650, 4.029173, 
0.953336, 1.977076, 3.033650, 4.029173, 
0.953336, 1.977076, 3.033650, 4.029173, 
0.968545, 1.926643, 3.070191, 4.059540, 
0.968545, 1.926643, 3.070191, 4.059540, 
0.968545, 1.926643, 3.070191, 4.059540, 
0.968545, 1.926643, 3.070191, 4.059540, 
0.972267, 1.947090, 3.059558, 4.075962, 
0.990369, 1.971756, 3.075893, 4.049839, 
0.990369, 1.971756, 3.075893, 4.049839, 
0.990369, 1.971756, 3.075893, 4.049839, 
0.941106, 1.958971, 3.076313, 4.017648, 
0.941106, 1.958971, 3.076313, 4.017648, 
0.941106, 1.958971, 3.076313, 4.017648, 
0.941106, 1.958971, 3.076313, 4.017648, 
0.936829, 1.939597, 3.082887, 4.053590, 
0.985943, 1.947115, 3.051522, 4.025013, 
0.985943, 1.947115, 3.051522, 4.025013, 
0.985943, 1.947115, 3.051522, 4.025013, 
0.985943, 1.947115, 3.051522, 4.025013, 
0.985943, 1.947115, 3.051522, 4.025013, 
0.985943, 1.947115, 3.051522, 4.025013, 
0.985943, 1.947115, 3.051522, 4.025013, 
1.002352, 1.946486, 3.004708, 4.060689, 
1.018069, 1.932707, 2.991259, 4.053622, 
1.018069, 1.932707, 2.991259, 4.053622, 
