-15.075207,-39431.751011,-39416.675805,
-13.232693,-37618.982571,-37605.749878,
-17.530617,-25493.436425,-25475.905808,
-17.530617,-25493.436425,-25475.905808,
-17.530617,-25493.436425,-25475.905808,
-17.530617,-25493.436425,-25475.905808,
-17.530617,-25493.436425,-25475.905808,
-17.530617,-25493.436425,-25475.905808,
-17.530617,-25493.436425,-25475.905808,
-17.530617,-25493.436425,-25475.905808,
-17.530617,-25493.436425,-25475.905808,
-17.530617,-25493.436425,-25475.905808,
-17.530617,-25493.436425,-25475.905808,
-17.530617,-25493.436425,-25475.905808,
-17.548399,-25226.883475,-25209.335076,
-17.548399,-25226.883475,-25209.335076,
-17.548399,-25226.883475,-25209.335076,
-17.548399,-25226.883475,-25209.335076,
-14.847236,-21699.488366,-21684.641130,
-14.847236,-21699.488366,-21684.641130,
-14.847236,-21699.488366,-21684.641130,
-13.683719,-19579.558974,-19565.875254,
-13.683719,-19579.558974,-19565.875254,
-14.113989,-17111.223729,-17097.109741,
-14.113989,-17111.223729,-17097.109741,
-14.113989,-17111.223729,-17097.109741,
-14.113989,-17111.223729,-17097.109741,
-14.113989,-17111.223729,-17097.109741,
-14.113989,-17111.223729,-17097.109741,
-14.113989,-17111.223729,-17097.109741,
-14.113989,-17111.223729,-17097.109741,
-13.470316,-14426.947922,-14413.477606,
-16.617658,-13699.927552,-13683.309894,
-16.617658,-13699.927552,-13683.309894,
-16.617658,-13699.927552,-13683.309894,
-16.617658,-13699.927552,-13683.309894,
-16.617658,-13699.927552,-13683.309894,
-16.195877,-12888.335266,-12872.139389,
-16.195877,-12888.335266,-12872.139389,
-16.195877,-12888.335266,-12872.139389,
-16.195877,-12888.335266,-12872.139389,
-16.214549,-12875.066538,-12858.851989,
-16.214549,-12875.066538,-12858.851989,
-16.214549,-12875.066538,-12858.851989,
-16.214549,-12875.066538,-12858.851989,
-16.214549,-12875.066538,-12858.851989,
-16.214549,-12875.066538,-12858.851989,
-13.123406,-11624.093841,-11610.970435,
-13.123406,-11624.093841,-11610.970435,
-13.123406,-11624.093841,-11610.970435,
-13.113659,-11247.485866,-11234.372207,
-13.083605,-10879.845185,-10866.761580,
-13.094597,-8186.700554,-8173.605956,
-13.093921,-7864.185545,-7851.091624,
-13.011866,-6225.052776,-6212.040909,
-13.011866,-6225.052776,-6212.040909,
-13.011866,-6225.052776,-6212.040909,
-13.011866,-6225.052776,-6212.040909,
-13.011866,-6225.052776,-6212.040909,
-13.011866,-6225.052776,-6212.040909,
-13.005093,-5584.433582,-5571.428490,
-12.986960,-5173.429685,-5160.442725,
-12.986960,-5173.429685,-5160.442725,
-12.994547,-5091.366635,-5078.372089,
-12.974017,-4542.913986,-4529.939969,
-12.974017,-4542.913986,-4529.939969,
-12.974017,-4542.913986,-4529.939969,
-12.970569,-4500.592258,-4487.621689,
-12.970569,-4500.592258,-4487.621689,
-12.989759,-3609.515452,-3596.525693,
-12.989759,-3609.515452,-3596.525693,
-12.989759,-3609.515452,-3596.525693,
-12.999481,-3503.846923,-3490.847442,
-12.999600,-3432.246513,-3419.246912,
-13.005739,-3352.113474,-3339.107734,
-12.998764,-3176.145622,-3163.146857,
-12.998764,-3176.145622,-3163.146857,
-13.002530,-3136.759457,-3123.756927,
-12.999849,-3017.389652,-3004.389803,
-13.005117,-2902.060530,-2889.055414,
-13.005117,-2902.060530,-2889.055414,
-13.006614,-2847.908555,-2834.901942,
-13.006614,-2847.908555,-2834.901942,
-13.006614,-2847.908555,-2834.901942,
-13.006989,-2736.402825,-2723.395836,
-13.006337,-2536.982555,-2523.976218,
-13.006337,-2536.982555,-2523.976218,
-13.006889,-2532.880087,-2519.873198,
-13.001723,-2391.182270,-2378.180547,
-13.004657,-2352.217050,-2339.212394,
-12.995238,-2299.913308,-2286.918070,
-13.000759,-2293.845636,-2280.844878,
-12.994513,-2250.352267,-2237.357754,
-13.006268,-2031.248131,-2018.241863,
-12.996799,-1995.894661,-1982.897862,
-12.996799,-1995.894661,-1982.897862,
-12.996799,-1995.894661,-1982.897862,
-13.009866,-1810.127409,-1797.117543,
-13.011644,-1745.446204,-1732.434560,
-13.021249,-1719.638767,-1706.617518,
-13.023120,-1708.092865,-1695.069745,
-13.023120,-1708.092865,-1695.069745,
-13.016398,-1706.466875,-1693.450476,
-13.016398,-1706.466875,-1693.450476,
-13.022736,-1590.710522,-1577.687786,
-13.032317,-1546.500920,-1533.468603,
-13.032317,-1546.500920,-1533.468603,
-13.032317,-1546.500920,-1533.468603,
-13.031938,-1523.252870,-1510.220931,
-13.031938,-1523.252870,-1510.220931,
-13.031938,-1523.252870,-1510.220931,
-13.031938,-1523.252870,-1510.220931,
-13.031938,-1523.252870,-1510.220931,
-13.031938,-1523.252870,-1510.220931,
-13.031938,-1523.252870,-1510.220931,
-13.031938,-1523.252870,-1510.220931,
-13.031424,-1513.266660,-1500.235236,
-13.031424,-1513.266660,-1500.235236,
-13.056146,-1481.856356,-1468.800210,
-13.051412,-1480.437299,-1467.385887,
-13.051412,-1480.437299,-1467.385887,
-13.045168,-1448.709800,-1435.664632,
-13.049012,-1448.809446,-1435.760434,
-13.049012,-1448.809446,-1435.760434,
-13.049012,-1448.809446,-1435.760434,
-13.040210,-1438.342942,-1425.302732,
-13.040210,-1438.342942,-1425.302732,
-13.040210,-1438.342942,-1425.302732,
-13.040210,-1438.342942,-1425.302732,
-13.040210,-1438.342942,-1425.302732,
-13.040210,-1438.342942,-1425.302732,
-13.040210,-1438.342942,-1425.302732,
-13.040210,-1438.342942,-1425.302732,
-13.037675,-1433.813140,-1420.775465,
-13.034276,-1435.316585,-1422.282309,
-13.034276,-1435.316585,-1422.282309,
-13.036902,-1433.051733,-1420.014832,
-13.036902,-1433.051733,-1420.014832,
-13.036902,-1433.051733,-1420.014832,
-13.036902,-1433.051733,-1420.014832,
-13.036902,-1433.051733,-1420.014832,
-13.036902,-1433.051733,-1420.014832,
-13.036902,-1433.051733,-1420.014832,
-13.036902,-1433.051733,-1420.014832,
-13.036902,-1433.051733,-1420.014832,
-13.036902,-1433.051733,-1420.014832,
-13.036902,-1433.051733,-1420.014832,
-13.036902,-1433.051733,-1420.014832,
-13.036902,-1433.051733,-1420.014832,
-13.036902,-1433.051733,-1420.014832,
-13.036902,-1433.051733,-1420.014832,
-13.036902,-1433.051733,-1420.014832,
-13.036902,-1433.051733,-1420.014832,
-13.032888,-1432.747972,-1419.715084,
-13.033544,-1432.461373,-1419.427829,
-13.033544,-1432.461373,-1419.427829,
-13.035222,-1427.719376,-1414.684153,
-13.035222,-1427.719376,-1414.684153,
-13.039943,-1427.537955,-1414.498012,
-13.039943,-1427.537955,-1414.498012,
-13.039943,-1427.537955,-1414.498012,
-13.039943,-1427.537955,-1414.498012,
-13.039943,-1427.537955,-1414.498012,
-13.039943,-1427.537955,-1414.498012,
-13.039943,-1427.537955,-1414.498012,
-13.039943,-1427.537955,-1414.498012,
-13.039943,-1427.537955,-1414.498012,
-13.039943,-1427.537955,-1414.498012,
-13.039943,-1427.537955,-1414.498012,
-13.039746,-1426.259692,-1413.219946,
-13.039746,-1426.259692,-1413.219946,
-13.039746,-1426.259692,-1413.219946,
-13.041116,-1427.660214,-1414.619098,
-13.041080,-1428.922638,-1415.881558,
-13.041080,-1428.922638,-1415.881558,
-13.039163,-1427.537356,-1414.498192,
-13.037192,-1430.013178,-1416.975986,
-13.037192,-1430.013178,-1416.975986,
-13.037192,-1430.013178,-1416.975986,
-13.038857,-1431.268099,-1418.229242,
-13.038857,-1431.268099,-1418.229242,
-13.038857,-1431.268099,-1418.229242,
-13.038857,-1431.268099,-1418.229242,
-13.038857,-1431.268099,-1418.229242,
-13.039736,-1430.851460,-1417.811724,
-13.039736,-1430.851460,-1417.811724,
-13.039736,-1430.851460,-1417.811724,
-13.039736,-1430.851460,-1417.811724,
-13.039135,-1430.452828,-1417.413693,
-13.039135,-1430.452828,-1417.413693,
-13.038474,-1426.121852,-1413.083378,
-13.037886,-1425.145319,-1412.107433,
-13.037886,-1425.145319,-1412.107433,
-13.037886,-1425.145319,-1412.107433,
-13.037886,-1425.145319,-1412.107433,
-13.037886,-1425.145319,-1412.107433,
-13.037886,-1425.145319,-1412.107433,
-13.037886,-1425.145319,-1412.107433,
-13.037886,-1425.145319,-1412.107433,
-13.037726,-1425.288820,-1412.251094,
-13.036666,-1425.286176,-1412.249511,
-13.036076,-1425.324353,-1412.288277,
-13.036076,-1425.324353,-1412.288277,
-13.036076,-1425.324353,-1412.288277,
-13.036076,-1425.324353,-1412.288277,
-13.039209,-1425.647508,-1412.608299,
-13.039209,-1425.647508,-1412.608299,
-13.039209,-1425.647508,-1412.608299,
-13.039209,-1425.647508,-1412.608299,
-13.039209,-1425.647508,-1412.608299,
-13.039209,-1425.647508,-1412.608299,
-13.039209,-1425.647508,-1412.608299,
-13.039209,-1425.647508,-1412.608299,
-13.039709,-1426.877732,-1413.838022,
-13.040323,-1427.842225,-1414.801902,
-13.040323,-1427.842225,-1414.801902,
-13.040323,-1427.842225,-1414.801902,
-13.039199,-1427.166326,-1414.127128,
-13.036395,-1427.494745,-1414.458350,
-13.036190,-1426.739152,-1413.702962,
-13.036190,-1426.739152,-1413.702962,
-13.036190,-1426.739152,-1413.702962,
-13.036286,-1426.893790,-1413.857504,
-13.036595,-1426.464496,-1413.427901,
-13.036595,-1426.464496,-1413.427901,
-13.036595,-1426.464496,-1413.427901,
-13.036595,-1426.464496,-1413.427901,
-13.037089,-1427.355707,-1414.318618,
-13.037855,-1427.372991,-1414.335135,
-13.038399,-1427.197370,-1414.158971,
-13.038399,-1427.197370,-1414.158971,
-13.038399,-1427.197370,-1414.158971,
-13.038399,-1427.197370,-1414.158971,
-13.038399,-1427.197370,-1414.158971,
-13.038399,-1427.197370,-1414.158971,
-13.038399,-1427.197370,-1414.158971,
-13.038261,-1425.701365,-1412.663104,
-13.038261,-1425.701365,-1412.663104,
-13.038261,-1425.701365,-1412.663104,
-13.038261,-1425.701365,-1412.663104,
-13.037480,-1425.710055,-1412.672574,
-13.037480,-1425.710055,-1412.672574,
-13.038066,-1425.762156,-1412.724090,
-13.038066,-1425.762156,-1412.724090,
-13.038066,-1425.762156,-1412.724090,
-13.038066,-1425.762156,-1412.724090,
-13.038066,-1425.762156,-1412.724090,
-13.039002,-1426.701081,-1413.662079,
-13.035437,-1427.616036,-1414.580599,
-13.035437,-1427.616036,-1414.580599,
-13.035437,-1427.616036,-1414.580599,
-13.035968,-1426.558296,-1413.522328,
-13.036110,-1425.920732,-1412.884622,
-13.036110,-1425.920732,-1412.884622,
-13.036110,-1425.920732,-1412.884622,
-13.036110,-1425.920732,-1412.884622,
-13.035764,-1426.202136,-1413.166372,
-13.035764,-1426.202136,-1413.166372,
-13.035764,-1426.202136,-1413.166372,
-13.035719,-1426.995113,-1413.959394,
-13.035719,-1426.995113,-1413.959394,
-13.035179,-1428.581445,-1415.546267,
-13.034967,-1426.632037,-1413.597070,
-13.036855,-1426.601018,-1413.564163,
-13.036855,-1426.601018,-1413.564163,
-13.036609,-1425.107535,-1412.070926,
-13.036609,-1425.107535,-1412.070926,
-13.038336,-1425.684506,-1412.646170,
-13.038336,-1425.684506,-1412.646170,
-13.037241,-1427.007547,-1413.970306,
-13.040164,-1427.345742,-1414.305578,
-13.040164,-1427.345742,-1414.305578,
-13.040164,-1427.345742,-1414.305578,
-13.040343,-1429.090366,-1416.050023,
-13.040826,-1428.613845,-1415.573019,
-13.040826,-1428.613845,-1415.573019,
-13.039196,-1426.031880,-1412.992684,
-13.039196,-1426.031880,-1412.992684,
-13.039196,-1426.031880,-1412.992684,
-13.039196,-1426.031880,-1412.992684,
-13.039196,-1426.031880,-1412.992684,
-13.039196,-1426.031880,-1412.992684,
-13.039196,-1426.031880,-1412.992684,
-13.037642,-1427.168055,-1414.130413,
-13.037642,-1427.168055,-1414.130413,
-13.037687,-1425.589597,-1412.551910,
-13.037687,-1425.589597,-1412.551910,
-13.037687,-1425.589597,-1412.551910,
-13.036169,-1426.201910,-1413.165741,
-13.036169,-1426.201910,-1413.165741,
-13.036788,-1426.498845,-1413.462057,
-13.035645,-1425.721597,-1412.685953,
-13.035645,-1425.721597,-1412.685953,
-13.035645,-1425.721597,-1412.685953,
-13.035645,-1425.721597,-1412.685953,
-13.035645,-1425.721597,-1412.685953,
-13.034724,-1428.021238,-1414.986514,
-13.034724,-1428.021238,-1414.986514,
-13.034724,-1428.021238,-1414.986514,
-13.034724,-1428.021238,-1414.986514,
-13.034724,-1428.021238,-1414.986514,
-13.034724,-1428.021238,-1414.986514,
-13.034724,-1428.021238,-1414.986514,
-13.034724,-1428.021238,-1414.986514,
-13.034724,-1428.021238,-1414.986514,
-13.034724,-1428.021238,-1414.986514,
-13.033770,-1427.423113,-1414.389343,
-13.033770,-1427.423113,-1414.389343,
-13.033770,-1427.423113,-1414.389343,
-13.035141,-1426.393465,-1413.358324,
-13.036087,-1425.885959,-1412.849872,
-13.036087,-1425.885959,-1412.849872,
-13.036087,-1425.885959,-1412.849872,
-13.036087,-1425.885959,-1412.849872,
-13.036087,-1425.885959,-1412.849872,
-13.036087,-1425.885959,-1412.849872,
-13.036087,-1425.885959,-1412.849872,
-13.036087,-1425.885959,-1412.849872,
-13.036087,-1425.885959,-1412.849872,
-13.036087,-1425.885959,-1412.849872,
-13.036087,-1425.885959,-1412.849872,
-13.036087,-1425.885959,-1412.849872,
-13.036087,-1425.885959,-1412.849872,
-13.036087,-1425.885959,-1412.849872,
-13.036087,-1425.885959,-1412.849872,
-13.035235,-1426.044890,-1413.009655,
-13.036625,-1426.262808,-1413.226183,
-13.036568,-1425.490568,-1412.454000,
-13.036568,-1425.490568,-1412.454000,
-13.036568,-1425.490568,-1412.454000,
-13.036568,-1425.490568,-1412.454000,
-13.036568,-1425.490568,-1412.454000,
-13.036568,-1425.490568,-1412.454000,
-13.036568,-1425.490568,-1412.454000,
-13.036568,-1425.490568,-1412.454000,
-13.036829,-1425.173197,-1412.136369,
-13.036829,-1425.173197,-1412.136369,
-13.036829,-1425.173197,-1412.136369,
-13.036829,-1425.173197,-1412.136369,
-13.036829,-1425.173197,-1412.136369,
-13.036829,-1425.173197,-1412.136369,
-13.036829,-1425.173197,-1412.136369,
-13.036829,-1425.173197,-1412.136369,
-13.036829,-1425.173197,-1412.136369,
-13.036829,-1425.173197,-1412.136369,
-13.036829,-1425.173197,-1412.136369,
-13.036829,-1425.173197,-1412.136369,
-13.036829,-1425.173197,-1412.136369,
-13.036829,-1425.173197,-1412.136369,
-13.036829,-1425.173197,-1412.136369,
-13.035193,-1425.924483,-1412.889289,
-13.035193,-1425.924483,-1412.889289,
-13.037083,-1425.611113,-1412.574030,
-13.037083,-1425.611113,-1412.574030,
-13.037083,-1425.611113,-1412.574030,
-13.037083,-1425.611113,-1412.574030,
-13.036095,-1425.340517,-1412.304422,
-13.036095,-1425.340517,-1412.304422,
-13.036095,-1425.340517,-1412.304422,
-13.036095,-1425.340517,-1412.304422,
-13.036095,-1425.340517,-1412.304422,
-13.036095,-1425.340517,-1412.304422,
-13.036158,-1427.039055,-1414.002897,
-13.036158,-1427.039055,-1414.002897,
-13.035734,-1427.033447,-1413.997713,
-13.036191,-1426.886384,-1413.850193,
-13.036565,-1425.801728,-1412.765164,
-13.036565,-1425.801728,-1412.765164,
-13.037245,-1425.345524,-1412.308279,
-13.037245,-1425.345524,-1412.308279,
-13.037245,-1425.345524,-1412.308279,
-13.037245,-1425.345524,-1412.308279,
-13.037245,-1425.345524,-1412.308279,
-13.037245,-1425.345524,-1412.308279,
-13.037245,-1425.345524,-1412.308279,
-13.037245,-1425.345524,-1412.308279,
-13.037245,-1425.345524,-1412.308279,
-13.037245,-1425.345524,-1412.308279,
-13.037245,-1425.345524,-1412.308279,
-13.037245,-1425.345524,-1412.308279,
-13.035529,-1426.271937,-1413.236408,
-13.036278,-1425.309567,-1412.273289,
-13.036278,-1425.309567,-1412.273289,
-13.036278,-1425.309567,-1412.273289,
-13.036278,-1425.309567,-1412.273289,
-13.036278,-1425.309567,-1412.273289,
-13.036278,-1425.309567,-1412.273289,
-13.037489,-1426.259359,-1413.221870,
-13.036543,-1425.520500,-1412.483957,
-13.036543,-1425.520500,-1412.483957,
-13.036543,-1425.520500,-1412.483957,
-13.036543,-1425.520500,-1412.483957,
-13.037788,-1425.552433,-1412.514644,
-13.037788,-1425.552433,-1412.514644,
-13.037788,-1425.552433,-1412.514644,
-13.037788,-1425.552433,-1412.514644,
-13.037788,-1425.552433,-1412.514644,
-13.037788,-1425.552433,-1412.514644,
-13.037788,-1425.552433,-1412.514644,
-13.037788,-1425.552433,-1412.514644,
-13.037788,-1425.552433,-1412.514644,
-13.037788,-1425.552433,-1412.514644,
-13.037788,-1425.552433,-1412.514644,
-13.037788,-1425.552433,-1412.514644,
-13.037788,-1425.552433,-1412.514644,
-13.037788,-1425.552433,-1412.514644,
-13.037788,-1425.552433,-1412.514644,
-13.037717,-1425.007687,-1411.969970,
-13.036663,-1425.214462,-1412.177799,
-13.034580,-1426.441162,-1413.406582,
-13.035496,-1426.151333,-1413.115837,
-13.035496,-1426.151333,-1413.115837,
-13.035421,-1427.519562,-1414.484141,
-13.033573,-1428.640822,-1415.607249,
-13.032245,-1429.477775,-1416.445530,
-13.032245,-1429.477775,-1416.445530,
-13.034037,-1427.248459,-1414.214421,
-13.034037,-1427.248459,-1414.214421,
-13.034037,-1427.248459,-1414.214421,
-13.033130,-1429.931385,-1416.898256,
-13.033130,-1429.931385,-1416.898256,
-13.033130,-1429.931385,-1416.898256,
-13.033130,-1429.931385,-1416.898256,
-13.032861,-1428.792324,-1415.759464,
-13.033504,-1428.000104,-1414.966600,
-13.035826,-1427.418490,-1414.382664,
-13.035826,-1427.418490,-1414.382664,
-13.035826,-1427.418490,-1414.382664,
-13.037197,-1429.417805,-1416.380607,
-13.038326,-1431.519877,-1418.481551,
-13.038326,-1431.519877,-1418.481551,
-13.038326,-1431.519877,-1418.481551,
-13.038326,-1431.519877,-1418.481551,
-13.038326,-1431.519877,-1418.481551,
-13.038326,-1431.519877,-1418.481551,
-13.037414,-1428.030786,-1414.993372,
-13.037414,-1428.030786,-1414.993372,
-13.040799,-1426.974686,-1413.933887,
-13.038658,-1426.597771,-1413.559113,
-13.038658,-1426.597771,-1413.559113,
-13.037377,-1426.023842,-1412.986465,
-13.037377,-1426.023842,-1412.986465,
-13.037377,-1426.023842,-1412.986465,
-13.037377,-1426.023842,-1412.986465,
-13.039950,-1426.646331,-1413.606382,
-13.039950,-1426.646331,-1413.606382,
-13.039950,-1426.646331,-1413.606382,
-13.039257,-1426.118388,-1413.079131,
-13.037680,-1425.374886,-1412.337206,
-13.037680,-1425.374886,-1412.337206,
-13.037583,-1425.395399,-1412.357816,
-13.037583,-1425.395399,-1412.357816,
-13.037892,-1425.525889,-1412.487997,
-13.037892,-1425.525889,-1412.487997,
-13.038180,-1426.692357,-1413.654178,
-13.038180,-1426.692357,-1413.654178,
-13.035437,-1426.412019,-1413.376582,
-13.035437,-1426.412019,-1413.376582,
-13.035437,-1426.412019,-1413.376582,
-13.035437,-1426.412019,-1413.376582,
-13.035437,-1426.412019,-1413.376582,
-13.035437,-1426.412019,-1413.376582,
-13.035437,-1426.412019,-1413.376582,
-13.035437,-1426.412019,-1413.376582,
-13.034542,-1426.326325,-1413.291782,
-13.034542,-1426.326325,-1413.291782,
-13.034542,-1426.326325,-1413.291782,
-13.034542,-1426.326325,-1413.291782,
-13.034542,-1426.326325,-1413.291782,
-13.034542,-1426.326325,-1413.291782,
-13.035864,-1426.493255,-1413.457391,
-13.035864,-1426.493255,-1413.457391,
-13.037213,-1425.832994,-1412.795781,
-13.037213,-1425.832994,-1412.795781,
-13.037071,-1425.609750,-1412.572679,
-13.037384,-1426.563443,-1413.526059,
-13.037487,-1426.572490,-1413.535003,
-13.037487,-1426.572490,-1413.535003,
-13.037487,-1426.572490,-1413.535003,
-13.037487,-1426.572490,-1413.535003,
-13.036847,-1425.131087,-1412.094240,
-13.036605,-1425.339641,-1412.303036,
-13.036818,-1426.093153,-1413.056336,
-13.036818,-1426.093153,-1413.056336,
-13.036818,-1426.093153,-1413.056336,
-13.036818,-1426.093153,-1413.056336,
-13.037646,-1425.374790,-1412.337144,
-13.037646,-1425.374790,-1412.337144,
-13.038623,-1425.219110,-1412.180487,
-13.038623,-1425.219110,-1412.180487,
-13.038912,-1425.877395,-1412.838482,
-13.038912,-1425.877395,-1412.838482,
-13.038912,-1425.877395,-1412.838482,
-13.036770,-1426.443583,-1413.406813,
-13.036770,-1426.443583,-1413.406813,
-13.038224,-1427.610153,-1414.571929,
-13.038224,-1427.610153,-1414.571929,
-13.038224,-1427.610153,-1414.571929,
-13.038055,-1426.475865,-1413.437810,
-13.038055,-1426.475865,-1413.437810,
-13.038048,-1426.490618,-1413.452570,
-13.039006,-1428.440077,-1415.401071,
-13.039006,-1428.440077,-1415.401071,
-13.038093,-1427.425225,-1414.387133,
-13.038093,-1427.425225,-1414.387133,
-13.038093,-1427.425225,-1414.387133,
-13.038093,-1427.425225,-1414.387133,
-13.038093,-1427.425225,-1414.387133,
-13.038093,-1427.425225,-1414.387133,
-13.037490,-1426.426261,-1413.388771,
-13.037490,-1426.426261,-1413.388771,
-13.037490,-1426.426261,-1413.388771,
-13.037490,-1426.426261,-1413.388771,
-13.037490,-1426.426261,-1413.388771,
-13.037490,-1426.426261,-1413.388771,
-13.037490,-1426.426261,-1413.388771,
-13.037490,-1426.426261,-1413.388771,
-13.037490,-1426.426261,-1413.388771,
-13.037490,-1426.426261,-1413.388771,
-13.038373,-1426.661142,-1413.622768,
-13.037417,-1426.606971,-1413.569554,
-13.037417,-1426.606971,-1413.569554,
-13.038274,-1426.425785,-1413.387511,
-13.038274,-1426.425785,-1413.387511,
-13.038274,-1426.425785,-1413.387511,
-13.038274,-1426.425785,-1413.387511,
-13.036954,-1425.841180,-1412.804226,
-13.036954,-1425.841180,-1412.804226,
-13.036954,-1425.841180,-1412.804226,
-13.036954,-1425.841180,-1412.804226,
-13.036954,-1425.841180,-1412.804226,
-13.034136,-1426.802975,-1413.768839,
-13.037654,-1425.362339,-1412.324685,
-13.037654,-1425.362339,-1412.324685,
-13.037654,-1425.362339,-1412.324685,
-13.037654,-1425.362339,-1412.324685,
-13.037654,-1425.362339,-1412.324685,
-13.037654,-1425.362339,-1412.324685,
-13.037654,-1425.362339,-1412.324685,
-13.037654,-1425.362339,-1412.324685,
-13.037654,-1425.362339,-1412.324685,
-13.037654,-1425.362339,-1412.324685,
-13.037654,-1425.362339,-1412.324685,
-13.037654,-1425.362339,-1412.324685,
-13.037654,-1425.362339,-1412.324685,
-13.037654,-1425.362339,-1412.324685,
-13.037654,-1425.362339,-1412.324685,
-13.036737,-1425.141668,-1412.104931,
-13.036737,-1425.141668,-1412.104931,
-13.036737,-1425.141668,-1412.104931,
-13.035657,-1425.863770,-1412.828113,
-13.034509,-1427.487524,-1414.453015,
-13.034509,-1427.487524,-1414.453015,
-13.034509,-1427.487524,-1414.453015,
-13.034509,-1427.487524,-1414.453015,
-13.033425,-1427.680822,-1414.647398,
-13.033425,-1427.680822,-1414.647398,
-13.032824,-1429.793670,-1416.760845,
-13.032824,-1429.793670,-1416.760845,
-13.032274,-1429.809723,-1416.777450,
-13.033556,-1429.007904,-1415.974348,
-13.033556,-1429.007904,-1415.974348,
-13.033869,-1428.205422,-1415.171553,
-13.033869,-1428.205422,-1415.171553,
-13.033508,-1429.726674,-1416.693166,
-13.033508,-1429.726674,-1416.693166,
-13.034093,-1429.036639,-1416.002546,
-13.036138,-1427.711667,-1414.675529,
-13.036138,-1427.711667,-1414.675529,
-13.036138,-1427.711667,-1414.675529,
-13.036171,-1427.201806,-1414.165635,
-13.036171,-1427.201806,-1414.165635,
-13.036171,-1427.201806,-1414.165635,
-13.036171,-1427.201806,-1414.165635,
-13.035777,-1426.390371,-1413.354593,
-13.035766,-1426.436611,-1413.400845,
-13.035685,-1427.682709,-1414.647024,
-13.035685,-1427.682709,-1414.647024,
-13.034855,-1428.800981,-1415.766126,
-13.034855,-1428.800981,-1415.766126,
-13.034855,-1428.800981,-1415.766126,
-13.034855,-1428.800981,-1415.766126,
-13.034855,-1428.800981,-1415.766126,
-13.034855,-1428.800981,-1415.766126,
-13.034855,-1428.800981,-1415.766126,
-13.034058,-1428.627401,-1415.593343,
-13.034458,-1427.827788,-1414.793330,
-13.034163,-1427.945026,-1414.910863,
-13.034486,-1427.608686,-1414.574200,
-13.035657,-1427.311023,-1414.275367,
-13.035569,-1427.311088,-1414.275520,
-13.035569,-1427.311088,-1414.275520,
-13.035569,-1427.311088,-1414.275520,
-13.035569,-1427.311088,-1414.275520,
-13.035569,-1427.311088,-1414.275520,
-13.035569,-1427.311088,-1414.275520,
-13.037521,-1426.169427,-1413.131906,
-13.034693,-1427.595365,-1414.560672,
-13.033333,-1428.191815,-1415.158483,
-13.033333,-1428.191815,-1415.158483,
-13.033333,-1428.191815,-1415.158483,
-13.033988,-1427.022834,-1413.988847,
-13.036553,-1425.135327,-1412.098774,
-13.036553,-1425.135327,-1412.098774,
-13.035217,-1426.867573,-1413.832355,
-13.035217,-1426.867573,-1413.832355,
-13.035217,-1426.867573,-1413.832355,
-13.036230,-1425.372826,-1412.336596,
-13.036230,-1425.372826,-1412.336596,
-13.036230,-1425.372826,-1412.336596,
-13.036230,-1425.372826,-1412.336596,
-13.037184,-1426.266560,-1413.229377,
-13.037184,-1426.266560,-1413.229377,
-13.037184,-1426.266560,-1413.229377,
-13.037184,-1426.266560,-1413.229377,
-13.037184,-1426.266560,-1413.229377,
-13.037842,-1426.550559,-1413.512717,
-13.037842,-1426.550559,-1413.512717,
-13.038606,-1428.611574,-1415.572967,
-13.038606,-1428.611574,-1415.572967,
-13.038606,-1428.611574,-1415.572967,
-13.035313,-1428.099472,-1415.064159,
-13.035676,-1428.117396,-1415.081721,
-13.037904,-1426.277905,-1413.240000,
-13.036341,-1428.181252,-1415.144912,
-13.036341,-1428.181252,-1415.144912,
-13.034558,-1429.430386,-1416.395828,
-13.034541,-1429.532248,-1416.497707,
-13.034541,-1429.532248,-1416.497707,
-13.034541,-1429.532248,-1416.497707,
-13.033020,-1428.746724,-1415.713703,
-13.034273,-1428.229988,-1415.195715,
-13.039117,-1428.012991,-1414.973875,
-13.039117,-1428.012991,-1414.973875,
-13.038808,-1428.293842,-1415.255034,
-13.038808,-1428.293842,-1415.255034,
-13.038808,-1428.293842,-1415.255034,
-13.038808,-1428.293842,-1415.255034,
-13.038808,-1428.293842,-1415.255034,
-13.038808,-1428.293842,-1415.255034,
-13.037863,-1427.759700,-1414.721837,
-13.037863,-1427.759700,-1414.721837,
-13.037863,-1427.759700,-1414.721837,
-13.037306,-1427.056337,-1414.019031,
-13.037306,-1427.056337,-1414.019031,
-13.037306,-1427.056337,-1414.019031,
-13.037306,-1427.056337,-1414.019031,
-13.037306,-1427.056337,-1414.019031,
-13.037161,-1427.747572,-1414.710411,
-13.037161,-1427.747572,-1414.710411,
-13.039104,-1427.629039,-1414.589935,
-13.039104,-1427.629039,-1414.589935,
-13.037339,-1426.617851,-1413.580512,
-13.034367,-1427.741397,-1414.707030,
-13.034367,-1427.741397,-1414.707030,
-13.035799,-1426.899262,-1413.863463,
-13.036593,-1427.544903,-1414.508310,
-13.039090,-1426.990521,-1413.951432,
-13.039090,-1426.990521,-1413.951432,
-13.037684,-1426.498802,-1413.461118,
-13.037684,-1426.498802,-1413.461118,
-13.037684,-1426.498802,-1413.461118,
-13.037684,-1426.498802,-1413.461118,
-13.037684,-1426.498802,-1413.461118,
-13.037684,-1426.498802,-1413.461118,
-13.038484,-1427.855070,-1414.816586,
-13.038484,-1427.855070,-1414.816586,
-13.038484,-1427.855070,-1414.816586,
-13.037563,-1425.826839,-1412.789276,
-13.037563,-1425.826839,-1412.789276,
-13.039436,-1426.379314,-1413.339878,
-13.039436,-1426.379314,-1413.339878,
-13.039436,-1426.379314,-1413.339878,
-13.039436,-1426.379314,-1413.339878,
-13.036149,-1425.404370,-1412.368221,
-13.036149,-1425.404370,-1412.368221,
-13.038829,-1425.409455,-1412.370627,
-13.038829,-1425.409455,-1412.370627,
-13.038829,-1425.409455,-1412.370627,
-13.038829,-1425.409455,-1412.370627,
-13.038829,-1425.409455,-1412.370627,
-13.038829,-1425.409455,-1412.370627,
-13.038829,-1425.409455,-1412.370627,
-13.037980,-1425.227545,-1412.189565,
-13.037980,-1425.227545,-1412.189565,
-13.037980,-1425.227545,-1412.189565,
-13.037606,-1426.752484,-1413.714878,
-13.038940,-1427.263324,-1414.224384,
-13.038940,-1427.263324,-1414.224384,
-13.039880,-1427.926188,-1414.886308,
-13.039880,-1427.926188,-1414.886308,
-13.039880,-1427.926188,-1414.886308,
-13.039880,-1427.926188,-1414.886308,
-13.039880,-1427.926188,-1414.886308,
-13.039880,-1427.926188,-1414.886308,
-13.039520,-1427.154396,-1414.114875,
-13.038546,-1427.147202,-1414.108656,
-13.034759,-1428.069013,-1415.034254,
-13.036208,-1429.446150,-1416.409942,
-13.036208,-1429.446150,-1416.409942,
-13.040556,-1429.871225,-1416.830670,
-13.040556,-1429.871225,-1416.830670,
-13.039315,-1430.425607,-1417.386292,
-13.039315,-1430.425607,-1417.386292,
-13.039315,-1430.425607,-1417.386292,
-13.043013,-1432.876892,-1419.833878,
-13.043013,-1432.876892,-1419.833878,
-13.043013,-1432.876892,-1419.833878,
-13.040603,-1433.391349,-1420.350746,
-13.040603,-1433.391349,-1420.350746,
-13.039952,-1434.604450,-1421.564498,
-13.039952,-1434.604450,-1421.564498,
-13.039952,-1434.604450,-1421.564498,
-13.040967,-1433.685216,-1420.644249,
-13.040967,-1433.685216,-1420.644249,
-13.043015,-1433.010858,-1419.967843,
-13.043015,-1433.010858,-1419.967843,
-13.043015,-1433.010858,-1419.967843,
-13.043015,-1433.010858,-1419.967843,
-13.041587,-1431.454751,-1418.413164,
-13.041587,-1431.454751,-1418.413164,
-13.039624,-1428.885294,-1415.845669,
-13.040510,-1427.122412,-1414.081902,
-13.040510,-1427.122412,-1414.081902,
-13.040510,-1427.122412,-1414.081902,
-13.039008,-1426.932187,-1413.893178,
-13.039008,-1426.932187,-1413.893178,
-13.039008,-1426.932187,-1413.893178,
-13.039008,-1426.932187,-1413.893178,
-13.039008,-1426.932187,-1413.893178,
-13.036777,-1426.267934,-1413.231157,
-13.036229,-1426.572200,-1413.535970,
-13.035759,-1425.678151,-1412.642392,
-13.035206,-1425.770551,-1412.735345,
-13.036215,-1426.080479,-1413.044264,
-13.036215,-1426.080479,-1413.044264,
-13.036215,-1426.080479,-1413.044264,
-13.036967,-1426.117782,-1413.080814,
-13.036967,-1426.117782,-1413.080814,
-13.035920,-1429.025427,-1415.989506,
-13.038123,-1427.930920,-1414.892797,
-13.038123,-1427.930920,-1414.892797,
-13.038123,-1427.930920,-1414.892797,
-13.038123,-1427.930920,-1414.892797,
-13.039078,-1427.506656,-1414.467578,
-13.039078,-1427.506656,-1414.467578,
-13.039078,-1427.506656,-1414.467578,
-13.039645,-1427.340295,-1414.300650,
-13.038599,-1427.338011,-1414.299412,
-13.038599,-1427.338011,-1414.299412,
-13.037468,-1427.413776,-1414.376307,
-13.037468,-1427.413776,-1414.376307,
-13.037468,-1427.413776,-1414.376307,
-13.038736,-1427.990833,-1414.952096,
-13.038736,-1427.990833,-1414.952096,
-13.038736,-1427.990833,-1414.952096,
-13.038736,-1427.990833,-1414.952096,
-13.034991,-1431.129383,-1418.094393,
-13.036539,-1429.096756,-1416.060217,
-13.036539,-1429.096756,-1416.060217,
-13.036539,-1429.096756,-1416.060217,
-13.036539,-1429.096756,-1416.060217,
-13.036539,-1429.096756,-1416.060217,
-13.037128,-1428.358727,-1415.321599,
-13.036666,-1429.253608,-1416.216943,
-13.036666,-1429.253608,-1416.216943,
-13.036666,-1429.253608,-1416.216943,
-13.036666,-1429.253608,-1416.216943,
-13.036666,-1429.253608,-1416.216943,
-13.036891,-1429.982970,-1416.946080,
-13.038845,-1429.843949,-1416.805104,
-13.038494,-1428.892505,-1415.854011,
-13.037240,-1428.207047,-1415.169807,
-13.037240,-1428.207047,-1415.169807,
-13.037240,-1428.207047,-1415.169807,
-13.037240,-1428.207047,-1415.169807,
-13.037240,-1428.207047,-1415.169807,
-13.037240,-1428.207047,-1415.169807,
-13.037891,-1427.063684,-1414.025794,
-13.037891,-1427.063684,-1414.025794,
-13.037891,-1427.063684,-1414.025794,
-13.037891,-1427.063684,-1414.025794,
-13.037891,-1427.063684,-1414.025794,
-13.037891,-1427.063684,-1414.025794,
-13.037891,-1427.063684,-1414.025794,
-13.037891,-1427.063684,-1414.025794,
-13.037891,-1427.063684,-1414.025794,
-13.037891,-1427.063684,-1414.025794,
-13.037891,-1427.063684,-1414.025794,
-13.037891,-1427.063684,-1414.025794,
-13.037865,-1426.622552,-1413.584686,
-13.037865,-1426.622552,-1413.584686,
-13.037865,-1426.622552,-1413.584686,
-13.037865,-1426.622552,-1413.584686,
-13.037865,-1426.622552,-1413.584686,
-13.037865,-1426.622552,-1413.584686,
-13.037865,-1426.622552,-1413.584686,
-13.037865,-1426.622552,-1413.584686,
-13.037865,-1426.622552,-1413.584686,
-13.037865,-1426.622552,-1413.584686,
-13.037874,-1426.016147,-1412.978273,
-13.037874,-1426.016147,-1412.978273,
-13.035828,-1426.421150,-1413.385322,
-13.034592,-1427.053955,-1414.019363,
-13.034592,-1427.053955,-1414.019363,
-13.034592,-1427.053955,-1414.019363,
-13.035901,-1428.559513,-1415.523611,
-13.035901,-1428.559513,-1415.523611,
-13.035901,-1428.559513,-1415.523611,
-13.035901,-1428.559513,-1415.523611,
-13.038537,-1427.206379,-1414.167842,
-13.038537,-1427.206379,-1414.167842,
-13.038537,-1427.206379,-1414.167842,
-13.038537,-1427.206379,-1414.167842,
-13.038537,-1427.206379,-1414.167842,
-13.038537,-1427.206379,-1414.167842,
-13.038537,-1427.206379,-1414.167842,
-13.038537,-1427.206379,-1414.167842,
-13.038537,-1427.206379,-1414.167842,
-13.038537,-1427.206379,-1414.167842,
-13.038537,-1427.206379,-1414.167842,
-13.038537,-1427.206379,-1414.167842,
-13.038537,-1427.206379,-1414.167842,
-13.040221,-1427.118850,-1414.078628,
-13.040221,-1427.118850,-1414.078628,
-13.039485,-1428.679223,-1415.639738,
-13.039485,-1428.679223,-1415.639738,
-13.039485,-1428.679223,-1415.639738,
-13.039485,-1428.679223,-1415.639738,
-13.039485,-1428.679223,-1415.639738,
-13.039485,-1428.679223,-1415.639738,
-13.039485,-1428.679223,-1415.639738,
-13.039485,-1428.679223,-1415.639738,
-13.037615,-1427.914668,-1414.877054,
-13.037615,-1427.914668,-1414.877054,
-13.035184,-1426.729520,-1413.694336,
-13.035184,-1426.729520,-1413.694336,
-13.035184,-1426.729520,-1413.694336,
-13.035184,-1426.729520,-1413.694336,
-13.035184,-1426.729520,-1413.694336,
-13.035184,-1426.729520,-1413.694336,
-13.035184,-1426.729520,-1413.694336,
-13.035247,-1426.576802,-1413.541554,
-13.035247,-1426.576802,-1413.541554,
-13.036069,-1425.767099,-1412.731030,
-13.036069,-1425.767099,-1412.731030,
-13.038304,-1425.885296,-1412.846991,
-13.038304,-1425.885296,-1412.846991,
-13.038304,-1425.885296,-1412.846991,
-13.038304,-1425.885296,-1412.846991,
-13.038304,-1425.885296,-1412.846991,
-13.038304,-1425.885296,-1412.846991,
-13.038304,-1425.885296,-1412.846991,
-13.038304,-1425.885296,-1412.846991,
-13.038304,-1425.885296,-1412.846991,
-13.038902,-1426.493131,-1413.454229,
-13.037600,-1427.033227,-1413.995627,
-13.037600,-1427.033227,-1413.995627,
-13.037898,-1425.860529,-1412.822632,
-13.037898,-1425.860529,-1412.822632,
-13.037898,-1425.860529,-1412.822632,
-13.037898,-1425.860529,-1412.822632,
-13.037898,-1425.860529,-1412.822632,
-13.037898,-1425.860529,-1412.822632,
-13.037898,-1425.860529,-1412.822632,
-13.037898,-1425.860529,-1412.822632,
-13.037898,-1425.860529,-1412.822632,
-13.037898,-1425.860529,-1412.822632,
-13.037380,-1425.745185,-1412.707804,
-13.037380,-1425.745185,-1412.707804,
-13.037380,-1425.745185,-1412.707804,
-13.037380,-1425.745185,-1412.707804,
-13.039967,-1427.649499,-1414.609532,
-13.038763,-1426.990542,-1413.951779,
-13.038763,-1426.990542,-1413.951779,
-13.039871,-1426.938943,-1413.899072,
-13.039871,-1426.938943,-1413.899072,
-13.039871,-1426.938943,-1413.899072,
-13.037787,-1425.580249,-1412.542462,
-13.036004,-1429.021894,-1415.985890,
-13.035264,-1429.517984,-1416.482720,
-13.035264,-1429.517984,-1416.482720,
-13.035264,-1429.517984,-1416.482720,
-13.037167,-1428.843966,-1415.806799,
-13.037167,-1428.843966,-1415.806799,
-13.037167,-1428.843966,-1415.806799,
-13.037167,-1428.843966,-1415.806799,
-13.036264,-1428.084042,-1415.047778,
-13.036264,-1428.084042,-1415.047778,
-13.034341,-1427.253571,-1414.219230,
-13.034341,-1427.253571,-1414.219230,
-13.034341,-1427.253571,-1414.219230,
-13.034341,-1427.253571,-1414.219230,
-13.034341,-1427.253571,-1414.219230,
-13.037155,-1427.702405,-1414.665249,
-13.037155,-1427.702405,-1414.665249,
-13.037155,-1427.702405,-1414.665249,
-13.037155,-1427.702405,-1414.665249,
-13.037155,-1427.702405,-1414.665249,
-13.037155,-1427.702405,-1414.665249,
-13.037155,-1427.702405,-1414.665249,
-13.035625,-1426.626697,-1413.591072,
-13.035625,-1426.626697,-1413.591072,
-13.035625,-1426.626697,-1413.591072,
-13.035625,-1426.626697,-1413.591072,
-13.037306,-1426.589755,-1413.552449,
-13.037306,-1426.589755,-1413.552449,
-13.037306,-1426.589755,-1413.552449,
-13.037306,-1426.589755,-1413.552449,
-13.035526,-1426.904062,-1413.868536,
-13.035526,-1426.904062,-1413.868536,
-13.035526,-1426.904062,-1413.868536,
-13.035526,-1426.904062,-1413.868536,
-13.035526,-1426.904062,-1413.868536,
-13.035526,-1426.904062,-1413.868536,
-13.035526,-1426.904062,-1413.868536,
-13.037187,-1425.227257,-1412.190070,
-13.037187,-1425.227257,-1412.190070,
-13.037187,-1425.227257,-1412.190070,
-13.037187,-1425.227257,-1412.190070,
-13.037187,-1425.227257,-1412.190070,
-13.036938,-1425.583368,-1412.546430,
-13.036897,-1425.431245,-1412.394348,
-13.036897,-1425.431245,-1412.394348,
-13.036897,-1425.431245,-1412.394348,
-13.037129,-1425.507970,-1412.470841,
-13.037129,-1425.507970,-1412.470841,
-13.037129,-1425.507970,-1412.470841,
-13.039190,-1429.825700,-1416.786511,
-13.036648,-1429.519958,-1416.483310,
-13.036648,-1429.519958,-1416.483310,
-13.037232,-1427.951637,-1414.914405,
-13.038701,-1426.967104,-1413.928402,
-13.039635,-1426.258921,-1413.219287,
-13.039635,-1426.258921,-1413.219287,
-13.039635,-1426.258921,-1413.219287,
-13.039635,-1426.258921,-1413.219287,
-13.040408,-1427.018884,-1413.978476,
-13.040408,-1427.018884,-1413.978476,
-13.040408,-1427.018884,-1413.978476,
-13.040408,-1427.018884,-1413.978476,
-13.040408,-1427.018884,-1413.978476,
-13.040862,-1427.982059,-1414.941197,
-13.041090,-1429.344380,-1416.303290,
-13.041090,-1429.344380,-1416.303290,
-13.039757,-1428.253629,-1415.213872,
-13.039757,-1428.253629,-1415.213872,
-13.039757,-1428.253629,-1415.213872,
-13.039757,-1428.253629,-1415.213872,
-13.039401,-1428.415859,-1415.376459,
-13.039401,-1428.415859,-1415.376459,
-13.039401,-1428.415859,-1415.376459,
-13.039401,-1428.415859,-1415.376459,
-13.039401,-1428.415859,-1415.376459,
-13.039401,-1428.415859,-1415.376459,
-13.038014,-1427.557072,-1414.519058,
-13.038014,-1427.557072,-1414.519058,
-13.038014,-1427.557072,-1414.519058,
-13.038014,-1427.557072,-1414.519058,
-13.038014,-1427.557072,-1414.519058,
-13.038889,-1429.066227,-1416.027338,
-13.038889,-1429.066227,-1416.027338,
-13.038889,-1429.066227,-1416.027338,
-13.038183,-1425.312352,-1412.274169,
-13.038183,-1425.312352,-1412.274169,
-13.038183,-1425.312352,-1412.274169,
-13.038183,-1425.312352,-1412.274169,
-13.038511,-1425.179405,-1412.140894,
-13.038511,-1425.179405,-1412.140894,
-13.038511,-1425.179405,-1412.140894,
-13.038511,-1425.179405,-1412.140894,
-13.038511,-1425.179405,-1412.140894,
-13.038511,-1425.179405,-1412.140894,
-13.038511,-1425.179405,-1412.140894,
-13.038511,-1425.179405,-1412.140894,
-13.036674,-1425.100060,-1412.063386,
-13.036674,-1425.100060,-1412.063386,
-13.039587,-1425.860651,-1412.821064,
-13.039587,-1425.860651,-1412.821064,
-13.039587,-1425.860651,-1412.821064,
-13.038441,-1426.079152,-1413.040711,
-13.037568,-1427.215444,-1414.177876,
-13.037568,-1427.215444,-1414.177876,
-13.037568,-1427.215444,-1414.177876,
-13.037568,-1427.215444,-1414.177876,
-13.038232,-1427.937303,-1414.899072,
-13.038232,-1427.937303,-1414.899072,
-13.036730,-1427.005051,-1413.968322,
-13.036064,-1426.280690,-1413.244626,
-13.036064,-1426.280690,-1413.244626,
-13.036064,-1426.280690,-1413.244626,
-13.036064,-1426.280690,-1413.244626,
-13.036912,-1425.362182,-1412.325270,
-13.036912,-1425.362182,-1412.325270,
-13.037451,-1425.385757,-1412.348306,
-13.037451,-1425.385757,-1412.348306,
-13.038558,-1425.528923,-1412.490365,
-13.036970,-1426.420119,-1413.383149,
-13.036970,-1426.420119,-1413.383149,
-13.036970,-1426.420119,-1413.383149,
