53771.703408, 
53771.703408, 
53771.703408, 
53771.703408, 
53771.703408, 
53771.703408, 
53771.703408, 
53771.703408, 
53771.703408, 
53771.703408, 
53771.703408, 
53771.703408, 
49064.480273, 
49064.480273, 
49064.480273, 
46872.822121, 
46872.822121, 
46872.822121, 
46872.822121, 
46872.822121, 
44445.290182, 
44445.290182, 
44445.290182, 
44445.290182, 
44445.290182, 
41683.241956, 
41683.241956, 
41683.241956, 
33447.284302, 
33447.284302, 
33447.284302, 
33447.284302, 
33447.284302, 
33447.284302, 
33447.284302, 
23277.590428, 
23277.590428, 
23277.590428, 
23277.590428, 
23277.590428, 
23116.293088, 
23116.293088, 
23116.293088, 
23116.293088, 
23116.293088, 
23116.293088, 
21706.508222, 
21706.508222, 
21706.508222, 
21706.508222, 
21706.508222, 
18241.704739, 
18241.704739, 
18241.704739, 
15036.195961, 
14727.068212, 
14727.068212, 
12036.991324, 
11718.738684, 
11718.738684, 
11718.738684, 
11652.193278, 
11652.193278, 
10977.669394, 
10009.722205, 
9907.609267, 
8106.310273, 
8106.310273, 
7845.710135, 
7790.112767, 
7790.112767, 
7339.168476, 
6895.955226, 
6895.955226, 
6555.718069, 
6507.854183, 
6507.854183, 
6267.286561, 
5899.951357, 
5899.951357, 
5899.951357, 
5899.951357, 
5759.132572, 
5465.681951, 
5465.681951, 
5354.863420, 
5113.584389, 
5071.421120, 
4888.279867, 
4654.520739, 
4654.520739, 
4525.134232, 
4416.400798, 
4173.837691, 
4003.321027, 
3905.174827, 
3726.520165, 
3726.520165, 
3543.013208, 
3478.708751, 
3419.767229, 
3419.767229, 
3419.767229, 
3419.767229, 
3419.767229, 
3419.767229, 
3419.767229, 
3206.357343, 
3206.357343, 
3087.232668, 
3086.451915, 
3083.066334, 
3083.066334, 
3083.066334, 
3083.066334, 
3058.152387, 
3058.152387, 
3058.152387, 
3058.152387, 
3024.193130, 
3024.193130, 
3024.193130, 
2986.725915, 
2986.725915, 
2986.725915, 
2986.725915, 
2986.725915, 
2986.725915, 
2986.725915, 
2986.725915, 
2986.725915, 
2956.635861, 
2956.635861, 
2956.635861, 
2956.635861, 
2956.635861, 
2956.635861, 
2956.635861, 
2956.635861, 
2956.635861, 
2956.635861, 
2956.635861, 
2956.635861, 
2934.437779, 
2897.154336, 
2886.247938, 
2886.247938, 
2861.449031, 
2860.867212, 
2860.867212, 
2846.838380, 
2846.838380, 
2846.838380, 
2841.447215, 
2841.447215, 
2836.792548, 
2836.792548, 
2835.209860, 
2835.209860, 
2835.209860, 
2835.209860, 
2835.209860, 
2844.455247, 
2844.455247, 
2844.455247, 
2844.455247, 
2841.510060, 
2834.559659, 
2834.559659, 
2832.952063, 
2832.952063, 
2833.082707, 
2833.082707, 
2836.387817, 
2836.387817, 
2836.387817, 
2836.387817, 
2836.387817, 
2835.698389, 
2835.698389, 
2832.197928, 
2838.606676, 
2834.870375, 
2834.870375, 
2838.695041, 
2837.758825, 
2838.471983, 
2838.471983, 
2838.471983, 
2838.471983, 
2838.471983, 
2838.471983, 
2835.083733, 
2837.121555, 
2838.357052, 
2838.357052, 
2838.357052, 
2838.357052, 
2838.357052, 
2838.357052, 
2840.964362, 
2840.964362, 
2840.964362, 
2838.486540, 
2838.486540, 
2838.486540, 
2838.486540, 
2838.486540, 
2838.486540, 
2834.141135, 
2834.141135, 
2834.141135, 
2836.283275, 
2838.117439, 
2839.380361, 
2839.380361, 
2839.380361, 
2839.380361, 
2840.079904, 
2840.079904, 
2840.079904, 
2840.079904, 
2840.079904, 
2837.354600, 
2837.354600, 
2837.354600, 
2833.822027, 
2833.822027, 
2832.607670, 
2833.044825, 
2833.044825, 
2839.223072, 
2837.880059, 
2837.880059, 
2837.880059, 
2834.907823, 
2834.907823, 
2834.907823, 
2834.907823, 
2834.907823, 
2834.907823, 
2834.907823, 
2834.907823, 
2835.588496, 
2835.588496, 
2833.353414, 
2833.453258, 
2833.453258, 
2833.453258, 
2833.453258, 
2833.453258, 
2833.453258, 
2833.453258, 
2833.453258, 
2834.393920, 
2834.385019, 
2833.572305, 
2833.572305, 
2834.465455, 
2834.465455, 
2834.465455, 
2834.465455, 
2834.465455, 
2834.465455, 
2834.465455, 
2834.465455, 
2834.656842, 
2834.656842, 
2834.656842, 
2833.467301, 
2833.467301, 
2833.467301, 
2833.467301, 
2833.467301, 
2833.467301, 
2833.467301, 
2833.772420, 
2833.772420, 
2833.369311, 
2833.369311, 
2833.369311, 
2833.369311, 
2833.369311, 
2833.369311, 
2833.369311, 
2833.369311, 
2838.977670, 
2838.977670, 
2838.977670, 
2838.977670, 
2838.977670, 
2838.977670, 
2838.977670, 
2838.977670, 
2838.977670, 
2838.977670, 
2837.696588, 
2837.696588, 
2837.696588, 
2837.696588, 
2838.450791, 
2838.450791, 
2838.450791, 
2838.450791, 
2838.923021, 
2834.174953, 
2834.174953, 
2834.174953, 
2834.174953, 
2834.174953, 
2834.174953, 
2834.174953, 
2839.021561, 
2839.021561, 
2839.021561, 
2839.021561, 
2839.388828, 
2839.388828, 
2839.388828, 
2839.388828, 
2838.323492, 
2838.323492, 
2831.984590, 
2831.984590, 
2831.984590, 
2831.984590, 
2831.984590, 
2831.984590, 
2831.984590, 
2831.984590, 
2831.984590, 
2831.984590, 
2831.984590, 
2831.984590, 
2832.500440, 
2833.443941, 
2833.443941, 
2832.660351, 
2832.660351, 
2832.660351, 
2832.660351, 
2833.935034, 
2833.935034, 
2833.935034, 
2833.935034, 
2833.935034, 
2833.935034, 
2833.935034, 
2833.935034, 
2832.880351, 
2832.880351, 
2832.880351, 
2832.880351, 
2832.880351, 
2832.880351, 
2832.880351, 
2832.880351, 
2832.880351, 
2832.880351, 
2832.880351, 
2832.880351, 
2832.880351, 
2832.880351, 
2832.880351, 
2832.880351, 
2832.880351, 
2832.880351, 
2832.304302, 
2832.304302, 
2832.304302, 
2832.493942, 
2832.493942, 
2832.915829, 
2832.915829, 
2834.645212, 
2834.648676, 
2834.648676, 
2834.648676, 
2834.648676, 
2834.648676, 
2834.648676, 
2834.648676, 
2835.735551, 
2835.498059, 
2835.498059, 
2835.498059, 
2835.498059, 
2835.498059, 
2835.498059, 
2835.498059, 
2835.498059, 
2835.498059, 
2835.498059, 
2835.498059, 
2835.498059, 
2835.498059, 
2835.498059, 
2835.498059, 
2835.498059, 
2833.476330, 
2834.417584, 
2834.417584, 
2834.417584, 
2834.417584, 
2834.417584, 
2834.417584, 
2834.417584, 
2834.417584, 
2833.434338, 
2832.891831, 
2832.891831, 
2832.891831, 
2832.891831, 
2834.776587, 
2834.776587, 
2834.776587, 
2834.776587, 
2834.343546, 
2834.880402, 
2837.042832, 
2837.042832, 
2836.580302, 
2836.580302, 
2836.580302, 
2836.180842, 
2836.180842, 
2836.180842, 
2836.180842, 
2836.180842, 
2836.180842, 
2836.180842, 
2836.180842, 
2836.180842, 
2836.180842, 
2836.180842, 
2836.180842, 
2836.180842, 
2836.180842, 
2836.180842, 
2838.354200, 
2837.352514, 
2837.352514, 
2837.352514, 
2834.157831, 
2834.157831, 
2834.825346, 
2834.825346, 
2836.286634, 
2836.286634, 
2836.286634, 
2836.286634, 
2836.286634, 
2838.766082, 
2837.169059, 
2837.169059, 
2834.599671, 
2834.599671, 
2834.599671, 
2834.599671, 
2834.599671, 
2834.599671, 
2834.599671, 
2834.599671, 
2834.599671, 
2833.092096, 
2833.092096, 
2833.092096, 
2834.817672, 
2834.817672, 
2834.817672, 
2834.817672, 
2834.817672, 
2835.610960, 
2835.610960, 
2835.610960, 
2836.629199, 
2836.629199, 
2837.913667, 
2837.913667, 
2837.913667, 
2837.913667, 
2837.913667, 
2837.913667, 
2837.913667, 
2837.913667, 
2837.743087, 
2834.107801, 
2833.047066, 
2833.047066, 
2833.047066, 
2833.047066, 
2833.047066, 
2832.909338, 
2832.909338, 
2832.516571, 
2832.516571, 
2832.516571, 
2832.516571, 
2832.516571, 
2832.516571, 
2832.516571, 
2832.516571, 
2832.516571, 
2832.516571, 
2832.516571, 
2834.882250, 
2834.882250, 
2834.882250, 
2834.882250, 
2834.882250, 
2834.882250, 
2834.882250, 
2834.882250, 
2834.882250, 
2834.882250, 
2834.882250, 
2838.316820, 
2838.316820, 
2838.316820, 
2838.316820, 
2838.316820, 
2838.316820, 
2838.316820, 
2838.316820, 
2838.316820, 
2838.316820, 
2838.316820, 
2838.316820, 
2838.316820, 
2838.316820, 
2838.316820, 
2838.316820, 
2838.316820, 
2837.582327, 
2837.582327, 
2837.582327, 
2837.582327, 
2837.582327, 
2837.582327, 
2837.582327, 
2837.582327, 
2837.582327, 
2834.381033, 
2833.138385, 
2833.138385, 
2833.138385, 
2833.138385, 
2833.104986, 
2834.447873, 
2834.447873, 
2834.462367, 
2835.486358, 
2835.486358, 
2838.131534, 
2838.131534, 
2838.131534, 
2838.131534, 
2837.577008, 
2837.577008, 
2837.577008, 
2837.577008, 
2837.577008, 
2837.577008, 
2837.577008, 
2837.577008, 
2837.577008, 
2835.348865, 
2835.348865, 
2835.348865, 
2840.763793, 
2840.080825, 
2837.422395, 
2837.422395, 
2837.422395, 
2837.009455, 
2837.090969, 
2841.138209, 
2841.138209, 
2841.138209, 
2841.138209, 
2841.138209, 
2841.138209, 
2841.138209, 
2836.547376, 
2836.547376, 
2837.099780, 
2838.236485, 
2835.360998, 
2835.360998, 
2835.360998, 
2837.396364, 
2837.396364, 
2837.396364, 
2837.396364, 
2837.396364, 
2832.969507, 
2834.656733, 
2834.656733, 
2834.656733, 
2838.215060, 
2838.215060, 
2840.351334, 
2840.351334, 
2840.351334, 
2840.351334, 
2840.700284, 
2840.700284, 
2840.700284, 
2840.700284, 
2840.941664, 
2840.941664, 
2840.941664, 
2839.205074, 
2839.205074, 
2836.688690, 
2836.688690, 
2837.632413, 
2837.632413, 
2837.328492, 
2839.772322, 
2839.772322, 
2839.772322, 
2839.772322, 
2839.772322, 
2839.772322, 
2839.772322, 
2839.772322, 
2839.772322, 
2839.772322, 
2839.772322, 
2839.772322, 
2839.772322, 
2839.772322, 
2835.607875, 
2835.607875, 
2835.607875, 
2835.607875, 
2835.607875, 
2835.607875, 
2836.741276, 
2836.741276, 
2836.741276, 
2836.741276, 
2836.741276, 
2834.130815, 
2834.130815, 
2834.130815, 
2834.663658, 
2834.663658, 
2834.378096, 
2834.901191, 
2834.901191, 
2834.901191, 
2836.827762, 
2833.461344, 
2833.461344, 
2833.461344, 
2833.461344, 
2833.461344, 
2836.651597, 
2836.651597, 
2838.223956, 
2838.223956, 
2836.244567, 
2835.068932, 
2835.068932, 
2836.976299, 
2836.976299, 
2836.976299, 
2836.976299, 
2835.143845, 
2835.143845, 
2834.733485, 
2834.733485, 
2833.655861, 
2836.310373, 
2836.310373, 
2836.310373, 
2836.310373, 
2835.103168, 
2835.270906, 
2836.043716, 
2836.043716, 
2836.043716, 
2836.043716, 
2836.043716, 
2836.043716, 
2835.344808, 
2835.344808, 
2835.344808, 
2836.881533, 
2836.881533, 
2836.881533, 
2835.199888, 
2835.199888, 
2835.199888, 
2835.199888, 
2834.059827, 
2834.059827, 
2834.059827, 
2834.191462, 
2834.191462, 
2834.191462, 
2834.191462, 
2834.191462, 
2834.191462, 
2835.698543, 
2835.698543, 
2835.698543, 
2835.698543, 
2835.698543, 
2835.698543, 
2835.698543, 
2835.698543, 
2835.698543, 
2835.514055, 
2837.965287, 
2836.820251, 
2835.352835, 
2835.352835, 
2835.352835, 
2835.352835, 
2835.352835, 
2838.789003, 
2840.141400, 
2839.081118, 
2839.081118, 
2839.081118, 
2839.081118, 
2839.081118, 
2839.095240, 
2839.095240, 
2838.016100, 
2838.016100, 
2839.178916, 
2837.335342, 
2835.101252, 
2835.101252, 
2835.090722, 
2835.090722, 
2835.090722, 
2835.090722, 
2833.096699, 
2834.316468, 
2834.347450, 
2834.347450, 
2834.347450, 
2834.347450, 
2834.965996, 
2834.965996, 
2834.965996, 
2836.989015, 
2836.989015, 
2836.989015, 
2836.989015, 
2832.600326, 
2832.600326, 
2832.600326, 
2832.600326, 
2832.600326, 
2832.600326, 
2832.600326, 
2833.193336, 
2833.193336, 
2834.474241, 
2834.474241, 
2834.474241, 
2834.474241, 
2834.474241, 
2835.259567, 
2835.259567, 
2835.259567, 
2835.485300, 
2835.485300, 
2835.485300, 
2834.688073, 
2834.688073, 
2834.688073, 
2834.688073, 
2834.688073, 
2833.935185, 
2833.935185, 
2833.935185, 
2833.935185, 
2833.935185, 
2833.935185, 
2833.935185, 
2833.935185, 
2833.464932, 
2836.623479, 
2836.623479, 
2836.601660, 
2836.601660, 
2836.601660, 
2836.601660, 
2835.175303, 
2834.832825, 
2834.643052, 
2834.643052, 
2834.208513, 
2838.534029, 
2845.028037, 
2837.848345, 
2837.848345, 
2837.848345, 
2841.933688, 
2841.933688, 
2841.933688, 
2841.933688, 
2836.391854, 
2836.391854, 
2836.676350, 
2834.977665, 
2834.977665, 
2834.041751, 
2834.041751, 
2833.672889, 
2833.672889, 
2833.672889, 
2833.672889, 
2833.672889, 
2833.672889, 
2833.672889, 
2833.672889, 
2833.672889, 
2836.655920, 
2836.655920, 
2835.413012, 
2836.252033, 
2836.252033, 
2838.598344, 
2838.598344, 
2836.973680, 
2836.973680, 
2836.973680, 
2836.973680, 
2836.973680, 
2836.973680, 
2834.976323, 
2834.976323, 
2834.976323, 
2836.923801, 
2836.923801, 
2836.923801, 
2836.923801, 
2837.700990, 
2837.700990, 
2837.700990, 
2837.700990, 
2837.700990, 
2835.551172, 
2835.551172, 
2835.551172, 
2835.551172, 
2835.551172, 
2835.551172, 
2835.551172, 
2836.614231, 
2836.614231, 
2836.614231, 
2836.049510, 
2836.049510, 
2836.049510, 
2836.049510, 
2836.049510, 
2836.049510, 
2836.049510, 
2836.049510, 
2836.049510, 
2836.049510, 
2836.049510, 
2834.069600, 
2834.069600, 
2834.069600, 
2834.069600, 
2834.498157, 
2834.498157, 
2834.498157, 
2834.498157, 
2833.878400, 
2833.878400, 
2833.878400, 
2833.878400, 
2833.878400, 
2833.878400, 
2833.878400, 
2833.878400, 
2833.878400, 
2834.413918, 
2834.413918, 
2834.413918, 
2834.413918, 
2834.413918, 
2834.413918, 
2834.413918, 
2834.413918, 
2834.413918, 
2834.733742, 
2834.733742, 
2834.123731, 
2837.552985, 
2835.286655, 
2835.286655, 
2839.686825, 
2839.686825, 
2839.686825, 
2839.402673, 
2839.402673, 
2839.402673, 
2839.341778, 
2839.341778, 
2840.453543, 
2839.186804, 
2839.186804, 
2838.455391, 
2838.455391, 
2834.572874, 
2834.572874, 
2834.572874, 
2834.572874, 
2834.572874, 
2834.572874, 
2837.563036, 
2833.716447, 
2833.716447, 
2836.940186, 
2835.449279, 
2837.307059, 
2832.983180, 
2832.983180, 
2832.983180, 
2832.983180, 
2832.983180, 
2832.983180, 
2836.304717, 
2836.304717, 
2833.310624, 
2835.547931, 
2835.547931, 
2834.894736, 
2834.894736, 
2834.894736, 
2836.028361, 
2836.028361, 
2835.196850, 
2835.196850, 
2834.761252, 
2834.761252, 
2836.745134, 
2836.745134, 
2836.745134, 
2836.745134, 
2836.916189, 
2837.281633, 
2839.517873, 
2839.517873, 
2840.612120, 
2840.612120, 
2839.407254, 
2838.952391, 
2838.904158, 
2838.904158, 
2838.904158, 
2838.904158, 
2838.904158, 
2835.920173, 
2832.562848, 
2832.562848, 
2832.562848, 
2832.562848, 
2832.562848, 
2833.107878, 
2833.107878, 
2833.107878, 
2833.107878, 
2833.107878, 
2833.107878, 
2834.644718, 
2834.548214, 
2834.548214, 
2834.837354, 
2834.837354, 
2834.837354, 
2834.837354, 
2832.885213, 
2832.885213, 
2832.885213, 
2832.885213, 
2832.885213, 
2832.885213, 
2833.350843, 
2834.888779, 
2836.441757, 
2836.441757, 
2836.441757, 
2837.105461, 
2835.106455, 
2835.106455, 
2835.106455, 
2835.106455, 
