73337.564795, 
73337.564795, 
30235.144656, 
29608.842046, 
29608.842046, 
29608.842046, 
29608.842046, 
29608.842046, 
29608.842046, 
29608.842046, 
29608.842046, 
29608.842046, 
29608.842046, 
29608.842046, 
29608.842046, 
29608.842046, 
29608.842046, 
29608.842046, 
29608.842046, 
29608.842046, 
29608.842046, 
29412.897930, 
29412.897930, 
29412.897930, 
29412.897930, 
29412.897930, 
29412.897930, 
29412.897930, 
29412.897930, 
29412.897930, 
29412.897930, 
29016.252706, 
29016.252706, 
25379.970132, 
25379.970132, 
25379.970132, 
25379.970132, 
25379.970132, 
25379.970132, 
25379.970132, 
25379.970132, 
25379.970132, 
25379.970132, 
25379.970132, 
25379.970132, 
25379.970132, 
25379.970132, 
25379.970132, 
25318.625117, 
25318.625117, 
25318.625117, 
25318.625117, 
25318.625117, 
25318.625117, 
25318.625117, 
25318.625117, 
18067.665800, 
12708.501677, 
12708.501677, 
12708.501677, 
11298.393947, 
10945.166209, 
10640.627958, 
10640.627958, 
9510.449016, 
9482.720745, 
8464.354591, 
8415.779570, 
7763.007466, 
7763.007466, 
7124.623553, 
7124.623553, 
7124.623553, 
6772.269304, 
6772.269304, 
6772.269304, 
6421.194392, 
6421.194392, 
5918.638543, 
5918.638543, 
5910.386648, 
5896.986894, 
5612.054070, 
5477.906592, 
5428.738394, 
5277.551953, 
5202.113513, 
5202.113513, 
4898.801194, 
4658.627164, 
4658.627164, 
4513.992222, 
4513.992222, 
4041.973794, 
4041.973794, 
4004.011142, 
3788.210275, 
3584.052698, 
3540.198874, 
3345.767944, 
3342.135200, 
3342.135200, 
3342.135200, 
3340.579522, 
3322.583487, 
3322.583487, 
3322.583487, 
3077.378800, 
3077.378800, 
3077.378800, 
3028.798318, 
3028.798318, 
3028.798318, 
3028.798318, 
3028.798318, 
3028.798318, 
3013.837394, 
2963.837197, 
2963.837197, 
2963.837197, 
2923.811788, 
2923.811788, 
2923.811788, 
2923.811788, 
2916.893026, 
2916.893026, 
2916.893026, 
2916.893026, 
2916.893026, 
2895.283618, 
2895.283618, 
2881.874313, 
2881.874313, 
2881.874313, 
2856.106312, 
2856.106312, 
2856.106312, 
2856.106312, 
2856.106312, 
2856.106312, 
2856.106312, 
2856.106312, 
2856.106312, 
2856.106312, 
2856.106312, 
2849.061509, 
2849.061509, 
2835.236587, 
2835.236587, 
2835.236587, 
2835.236587, 
2835.236587, 
2835.236587, 
2835.236587, 
2835.236587, 
2835.035225, 
2841.155674, 
2841.155674, 
2833.683988, 
2833.683988, 
2833.683988, 
2833.683988, 
2833.683988, 
2833.683988, 
2833.683988, 
2834.597269, 
2834.597269, 
2833.958545, 
2833.958545, 
2833.958545, 
2833.958545, 
2833.958545, 
2832.921919, 
2832.921919, 
2836.956662, 
2836.956662, 
2836.956662, 
2835.912237, 
2835.912237, 
2835.912237, 
2835.912237, 
2835.843058, 
2834.439334, 
2834.439334, 
2834.294807, 
2835.249797, 
2835.163862, 
2834.235752, 
2834.235752, 
2834.235752, 
2834.235752, 
2834.235752, 
2834.235752, 
2834.235752, 
2836.911831, 
2837.439568, 
2837.439568, 
2837.439568, 
2837.439568, 
2837.439568, 
2837.439568, 
2837.439568, 
2837.439568, 
2837.439568, 
2837.439568, 
2837.439568, 
2837.439568, 
2837.439568, 
2833.267517, 
2833.267517, 
2833.267517, 
2833.267517, 
2833.267517, 
2833.267517, 
2833.267517, 
2833.267517, 
2833.267517, 
2833.267517, 
2833.267517, 
2833.267517, 
2833.267517, 
2833.267517, 
2833.267517, 
2833.267517, 
2833.267517, 
2833.267517, 
2833.267517, 
2833.267517, 
2834.159211, 
2834.159211, 
2834.159211, 
2834.159211, 
2834.159211, 
2834.159211, 
2834.159211, 
2834.182056, 
2833.863699, 
2833.863699, 
2833.863699, 
2833.863699, 
2833.765321, 
2833.150153, 
2833.537245, 
2834.226648, 
2834.226648, 
2833.649917, 
2833.579755, 
2833.592192, 
2833.570594, 
2833.570594, 
2834.661397, 
2834.661397, 
2834.661397, 
2834.661397, 
2834.661397, 
2834.827658, 
2834.549957, 
2834.549957, 
2834.549957, 
2834.549957, 
2833.257420, 
2832.941059, 
2832.941059, 
2832.941059, 
2832.333600, 
2832.831695, 
2832.831695, 
2832.831695, 
2832.831695, 
2832.831695, 
2834.613448, 
2834.613448, 
2834.613448, 
2834.613448, 
2837.696703, 
2838.541790, 
2837.522614, 
2837.522614, 
2837.522614, 
2837.522614, 
2839.325253, 
2839.118697, 
2836.571830, 
2836.571830, 
2836.571830, 
2837.388777, 
2837.388777, 
2837.388777, 
2837.388777, 
2837.388777, 
2835.049035, 
2835.049035, 
2838.683179, 
2838.683179, 
2838.683179, 
2838.683179, 
2836.833424, 
2839.383682, 
2839.383682, 
2839.383682, 
2834.439975, 
2834.439975, 
2835.691534, 
2835.691534, 
2835.691534, 
2835.691534, 
2833.868033, 
2832.195176, 
2832.195176, 
2832.195176, 
2832.195176, 
2832.195176, 
2832.195176, 
2832.195176, 
2832.195176, 
2832.195176, 
2839.475320, 
2839.475320, 
2839.475320, 
2843.999250, 
2843.999250, 
2843.999250, 
2843.999250, 
2843.999250, 
2844.054280, 
2839.877116, 
2839.877116, 
2839.877116, 
2839.877116, 
2839.877116, 
2839.877116, 
2839.877116, 
2843.823486, 
2843.823486, 
2843.823486, 
2843.823486, 
2843.823486, 
2843.823486, 
2843.823486, 
2839.705628, 
2839.705628, 
2839.705628, 
2839.705628, 
2839.705628, 
2833.690511, 
2833.690511, 
2833.690511, 
2833.690511, 
2833.690511, 
2833.690511, 
2834.043039, 
2834.043039, 
2835.137845, 
2835.137845, 
2835.137845, 
2835.137845, 
2835.137845, 
2838.459232, 
2838.459232, 
2838.459232, 
2838.459232, 
2838.459232, 
2837.647963, 
2837.647963, 
2838.790767, 
2838.790767, 
2838.790767, 
2838.790767, 
2842.515177, 
2842.515177, 
2842.515177, 
2842.515177, 
2837.345315, 
2837.345315, 
2837.345315, 
2837.345315, 
2835.068512, 
2835.068512, 
2835.068512, 
2835.068512, 
2835.068512, 
2835.068512, 
2835.068512, 
2835.068512, 
2835.068512, 
2835.068512, 
2835.068512, 
2835.068512, 
2835.068512, 
2835.068512, 
2837.488744, 
2837.488744, 
2836.344023, 
2836.344023, 
2836.344023, 
2833.988789, 
2835.585146, 
2835.585146, 
2835.370521, 
2833.234075, 
2833.234075, 
2833.234075, 
2833.234075, 
2832.813907, 
2832.813907, 
2833.043782, 
2833.043782, 
2833.043782, 
2833.043782, 
2833.043782, 
2833.043782, 
2833.043782, 
2834.197291, 
2834.197291, 
2834.197291, 
2834.197291, 
2834.197291, 
2834.197291, 
2834.197291, 
2836.309922, 
2835.414680, 
2835.414680, 
2835.510469, 
2836.038114, 
2835.605940, 
2835.605940, 
2836.556169, 
2832.351332, 
2832.799650, 
2832.799650, 
2832.799650, 
2834.100570, 
2834.100570, 
2834.100570, 
2834.100570, 
2834.100570, 
2834.100570, 
2834.100570, 
2834.100570, 
2833.845658, 
2833.505624, 
2833.505624, 
2833.505624, 
2834.331048, 
2834.331048, 
2834.331048, 
2834.331048, 
2835.521379, 
2837.156426, 
2837.156426, 
2837.156426, 
2837.156426, 
2837.156426, 
2832.586253, 
2836.142233, 
2836.142233, 
2836.142233, 
2834.554666, 
2835.101846, 
2835.101846, 
2835.101846, 
2835.101846, 
2835.101846, 
2835.101846, 
2835.101846, 
2835.101846, 
2835.101846, 
2835.101846, 
2834.249411, 
2834.249411, 
2833.051959, 
2833.051959, 
2833.051959, 
2834.777206, 
2836.571736, 
2836.571736, 
2833.006273, 
2833.006273, 
2834.483338, 
2834.483338, 
2833.278734, 
2833.035420, 
2833.035420, 
2833.035420, 
2833.035420, 
2833.035420, 
2833.392312, 
2833.392312, 
2833.392312, 
2836.896151, 
2835.169579, 
2835.169579, 
2834.653261, 
2836.332193, 
2836.332193, 
2836.332193, 
2836.332193, 
2835.986997, 
2835.986997, 
2835.986997, 
2835.986997, 
2837.765292, 
2836.390992, 
2836.390992, 
2837.971555, 
2836.235725, 
2838.429283, 
2845.399290, 
2845.613347, 
2840.933002, 
2841.889639, 
2841.889639, 
2846.021679, 
2841.763470, 
2843.804621, 
2844.511179, 
2844.511179, 
2844.069618, 
2844.069618, 
2844.069618, 
2844.069618, 
2844.069618, 
2845.113469, 
2845.113469, 
2845.113469, 
2845.113469, 
2845.113469, 
2845.113469, 
2845.113469, 
2845.113469, 
2845.113469, 
2845.113469, 
2845.113469, 
2845.113469, 
2837.411118, 
2837.411118, 
2837.411118, 
2837.411118, 
2837.411118, 
2837.411118, 
2837.411118, 
2837.411118, 
2837.411118, 
2834.169573, 
2834.169573, 
2835.152166, 
2836.060330, 
2836.060330, 
2835.293863, 
2835.293863, 
2835.293863, 
2838.993346, 
2836.538766, 
2836.538766, 
2836.538766, 
2836.538766, 
2836.538766, 
2837.157634, 
2837.157634, 
2833.007910, 
2833.007910, 
2833.007910, 
2833.007910, 
2834.944316, 
2835.943571, 
2835.213892, 
2835.213892, 
2835.213892, 
2835.213892, 
2835.213892, 
2835.213892, 
2835.213892, 
2835.213892, 
2836.224194, 
2836.224194, 
2836.472921, 
2836.472921, 
2836.472921, 
2836.472921, 
2836.472921, 
2833.162917, 
2833.162917, 
2833.162917, 
2833.162917, 
2833.162917, 
2833.162917, 
2833.162917, 
2833.162917, 
2833.162917, 
2833.162917, 
2833.162917, 
2832.858167, 
2832.858167, 
2832.858167, 
2832.858167, 
2833.194395, 
2833.194395, 
2832.896303, 
2832.130400, 
2832.130400, 
2832.130400, 
2832.282682, 
2832.282682, 
2835.159480, 
2835.159480, 
2835.159480, 
2835.159480, 
2835.687010, 
2835.687010, 
2835.687010, 
2835.687010, 
2835.687010, 
2836.337944, 
2836.337944, 
2835.328521, 
2836.680593, 
2835.363467, 
2835.363467, 
2835.363467, 
2835.363467, 
2832.616534, 
2832.616534, 
2832.616534, 
2832.616534, 
2832.616534, 
2832.616534, 
2832.616534, 
2832.616534, 
2832.616534, 
2832.616534, 
2832.616534, 
2832.616534, 
2832.616534, 
2832.616534, 
2833.755383, 
2832.741070, 
2832.547605, 
2832.547605, 
2832.547605, 
2833.223947, 
2834.219299, 
2834.219299, 
2834.219299, 
2834.516787, 
2832.397851, 
2834.270351, 
2834.234771, 
2834.234771, 
2833.747959, 
2833.747959, 
2833.747959, 
2833.747959, 
2833.491846, 
2833.491846, 
2833.491846, 
2833.491846, 
2834.310489, 
2834.310489, 
2834.310489, 
2834.310489, 
2834.676822, 
2834.676822, 
2834.676822, 
2834.676822, 
2834.676822, 
2834.676822, 
2834.676822, 
2834.676822, 
2834.676822, 
2834.394375, 
2832.448367, 
2832.448367, 
2832.448367, 
2832.448367, 
2832.448367, 
2832.448367, 
2832.448367, 
2835.075948, 
2835.075948, 
2835.075948, 
2836.018159, 
2836.018159, 
2836.018159, 
2836.626548, 
2836.626548, 
2836.626548, 
2836.626548, 
2836.626548, 
2836.626548, 
2836.626548, 
2836.626548, 
2836.380838, 
2836.380838, 
2836.380838, 
2836.380838, 
2836.380838, 
2836.380838, 
2836.380838, 
2842.464186, 
2842.464186, 
2842.464186, 
2842.464186, 
2834.590016, 
2834.590016, 
2834.590016, 
2834.590016, 
2834.590016, 
2834.590016, 
2834.590016, 
2834.590016, 
2834.590016, 
2834.590016, 
2834.029858, 
2833.192971, 
2833.192971, 
2834.371721, 
2834.371721, 
2834.371721, 
2834.371721, 
2834.371721, 
2834.371721, 
2834.371721, 
2834.371721, 
2834.371721, 
2834.371721, 
2834.371721, 
2834.371721, 
2834.371721, 
2832.825986, 
2832.825986, 
2832.825986, 
2832.825986, 
2832.825986, 
2832.825986, 
2832.453776, 
2832.453776, 
2833.395243, 
2833.395243, 
2833.395243, 
2833.395243, 
2834.498657, 
2834.744946, 
2835.831296, 
2837.185126, 
2837.185126, 
2837.185126, 
2835.762753, 
2838.565115, 
2838.565115, 
2835.393600, 
2835.393600, 
2835.393600, 
2835.393600, 
2835.393600, 
2835.806208, 
2835.806208, 
2835.806208, 
2835.806208, 
2835.806208, 
2835.806208, 
2833.352491, 
2833.352491, 
2833.352491, 
2833.352491, 
2833.352491, 
2838.801388, 
2838.801388, 
2838.801388, 
2835.070782, 
2835.070782, 
2835.070782, 
2835.070782, 
2835.070782, 
2835.070782, 
2833.507973, 
2836.264710, 
2836.264710, 
2836.264710, 
2836.516330, 
2836.516330, 
2837.274891, 
2835.330419, 
2835.330419, 
2836.242018, 
2836.242018, 
2836.242018, 
2836.242018, 
2837.265897, 
2837.265897, 
2837.265897, 
2837.265897, 
2837.265897, 
2837.265897, 
2837.712877, 
2835.283881, 
2834.803493, 
2834.832576, 
2834.832576, 
2834.832576, 
2835.627677, 
2838.459351, 
2838.683110, 
2838.683110, 
2838.683110, 
2838.683110, 
2838.683110, 
2836.164946, 
2836.164946, 
2837.228322, 
2837.228322, 
2837.228322, 
2837.228322, 
2839.964958, 
2839.964958, 
2839.964958, 
2839.964958, 
2835.753522, 
2839.199445, 
2839.199445, 
2839.199445, 
2839.199445, 
2839.199445, 
2839.927443, 
2839.927443, 
2839.927443, 
2839.927443, 
2839.927443, 
2839.927443, 
2839.927443, 
2839.927443, 
2839.927443, 
2838.038452, 
2838.038452, 
2838.038452, 
2838.038452, 
2838.038452, 
2838.370497, 
2836.379522, 
2836.379522, 
2836.379522, 
2836.379522, 
2836.379522, 
2836.379522, 
2836.379522, 
2836.379522, 
2836.672082, 
2836.672082, 
2837.105409, 
2837.105409, 
2837.105409, 
2837.105409, 
2837.105409, 
2837.105409, 
2837.105409, 
2835.906219, 
2835.906219, 
2836.685624, 
2836.394010, 
2836.770596, 
2836.770596, 
2836.770596, 
2835.890837, 
2835.890837, 
2835.890837, 
2835.642166, 
2836.533080, 
2836.533080, 
2836.533080, 
2836.533080, 
2836.533080, 
2836.533080, 
2834.066567, 
2834.066567, 
2834.066567, 
2834.066567, 
2834.066567, 
2834.066567, 
2838.484942, 
2838.484942, 
2838.484942, 
2838.484942, 
2840.167036, 
2840.167036, 
2840.167036, 
2839.770268, 
2837.881778, 
2834.443134, 
2835.043687, 
2834.919253, 
2834.919253, 
2834.919253, 
2834.919253, 
2834.919253, 
2834.919253, 
2834.919253, 
2834.919253, 
2839.374278, 
2834.134543, 
2832.754594, 
2832.754594, 
2832.754594, 
2833.392346, 
2833.318866, 
2833.318866, 
2833.318866, 
2833.318866, 
2833.318866, 
2833.318866, 
2835.287151, 
2833.393675, 
2833.393675, 
2833.393675, 
2833.393675, 
2833.393675, 
2833.393675, 
2833.393675, 
2833.393675, 
2833.454842, 
2833.178260, 
2833.178260, 
2833.178260, 
2833.178260, 
2833.191954, 
2833.191954, 
2832.819594, 
2833.065000, 
2833.065000, 
2833.065000, 
2832.707968, 
2832.707968, 
2832.707968, 
2832.707968, 
2832.707968, 
2832.707968, 
2832.707968, 
2832.707968, 
2832.707968, 
2832.707968, 
2832.707968, 
2832.707968, 
2835.660008, 
2835.660008, 
2835.660008, 
2836.560564, 
2836.494852, 
2836.494852, 
2836.494852, 
2837.463770, 
2837.463770, 
2837.463770, 
2837.463770, 
2837.463770, 
2837.463770, 
2837.463770, 
2837.463770, 
2837.463770, 
2835.416212, 
2835.416212, 
2834.589628, 
2836.730457, 
2836.730457, 
2836.730457, 
2836.730457, 
2836.194931, 
2836.194931, 
2836.194931, 
2836.194931, 
2835.677971, 
2834.221120, 
2834.221120, 
2834.221120, 
2834.221120, 
2834.221120, 
2834.221120, 
2834.221120, 
2834.221120, 
2834.221120, 
2832.896976, 
2832.896976, 
2832.896976, 
2833.591429, 
2835.022348, 
2835.022348, 
2835.022348, 
2835.022348, 
2835.821277, 
2835.821277, 
2833.490737, 
2833.490737, 
2834.302858, 
2833.680053, 
2833.680053, 
2833.680053, 
2833.680053, 
2833.680053, 
2833.350138, 
2833.350138, 
2833.350138, 
2833.350138, 
2833.350138, 
