75471.442505, 
75471.442505, 
75471.442505, 
55349.694388, 
55349.694388, 
55349.694388, 
55349.694388, 
55349.694388, 
35912.755397, 
35912.755397, 
35912.755397, 
35912.755397, 
35912.755397, 
35912.755397, 
35912.755397, 
35777.207151, 
35777.207151, 
35777.207151, 
35777.207151, 
35777.207151, 
35777.207151, 
35777.207151, 
35777.207151, 
35777.207151, 
33214.608131, 
33214.608131, 
33214.608131, 
33214.608131, 
33214.608131, 
33214.608131, 
33214.608131, 
33214.608131, 
33214.608131, 
33214.608131, 
33214.608131, 
33214.608131, 
33214.608131, 
33040.756290, 
30755.588448, 
30755.588448, 
30755.588448, 
28460.651667, 
28460.651667, 
28460.651667, 
28460.651667, 
28460.651667, 
28460.651667, 
28460.651667, 
28460.651667, 
28460.651667, 
28460.651667, 
28460.651667, 
28460.651667, 
25857.375548, 
25669.999937, 
25658.420732, 
19011.313416, 
14592.025181, 
12614.012121, 
12614.012121, 
11463.802460, 
11095.118240, 
10022.282992, 
10022.282992, 
8065.487367, 
8065.487367, 
8065.487367, 
8065.487367, 
8065.487367, 
8065.487367, 
6953.772764, 
6953.772764, 
6606.423737, 
6606.423737, 
6606.423737, 
6606.423737, 
6606.423737, 
6405.741814, 
6017.349805, 
6017.349805, 
5644.339260, 
5644.339260, 
5638.916012, 
5515.254436, 
5515.254436, 
5465.903971, 
5182.477586, 
4687.315681, 
4687.315681, 
4687.315681, 
4687.315681, 
4585.382197, 
4360.474771, 
4203.894688, 
3990.019001, 
3951.110743, 
3669.369280, 
3475.325788, 
3450.544957, 
3419.982219, 
3419.982219, 
3419.982219, 
3419.982219, 
3385.759037, 
3385.759037, 
3385.759037, 
3385.759037, 
3385.759037, 
3385.759037, 
3385.759037, 
3316.722823, 
3316.722823, 
3316.722823, 
3316.722823, 
3316.722823, 
3316.722823, 
3316.722823, 
3316.722823, 
3316.722823, 
3316.722823, 
2957.176166, 
2928.887681, 
2928.887681, 
2928.887681, 
2928.887681, 
2928.887681, 
2927.007945, 
2927.007945, 
2927.007945, 
2927.007945, 
2927.007945, 
2927.007945, 
2927.007945, 
2927.007945, 
2883.675714, 
2883.675714, 
2883.675714, 
2875.326797, 
2875.326797, 
2869.684887, 
2869.684887, 
2871.666398, 
2871.666398, 
2871.310163, 
2855.023828, 
2847.367134, 
2847.367134, 
2847.367134, 
2847.367134, 
2847.367134, 
2847.367134, 
2846.246895, 
2834.757944, 
2834.757944, 
2834.757944, 
2837.960884, 
2837.156671, 
2837.156671, 
2837.156671, 
2837.156671, 
2837.156671, 
2837.156671, 
2834.149431, 
2834.149431, 
2836.761793, 
2836.761793, 
2835.447867, 
2835.447867, 
2835.447867, 
2835.447867, 
2835.447867, 
2835.447867, 
2838.082243, 
2838.587910, 
2838.587910, 
2838.587910, 
2837.396258, 
2837.396258, 
2837.396258, 
2832.926199, 
2832.926199, 
2832.926199, 
2836.163086, 
2836.163086, 
2838.649334, 
2832.643368, 
2832.643368, 
2832.643368, 
2832.643368, 
2833.907866, 
2833.907866, 
2833.907866, 
2833.612395, 
2836.321173, 
2835.686916, 
2835.686916, 
2834.265296, 
2834.265296, 
2834.265296, 
2834.265296, 
2834.187488, 
2833.101520, 
2833.101520, 
2834.419752, 
2834.419752, 
2834.419752, 
2834.419752, 
2833.448715, 
2836.683706, 
2836.683706, 
2835.981591, 
2835.981591, 
2835.981591, 
2835.981591, 
2835.981591, 
2836.522478, 
2836.522478, 
2836.522478, 
2836.522478, 
2836.522478, 
2836.522478, 
2836.522478, 
2836.522478, 
2836.522478, 
2836.282618, 
2836.282618, 
2836.282618, 
2836.282618, 
2835.487300, 
2835.487300, 
2835.487300, 
2835.487300, 
2835.487300, 
2835.487300, 
2835.487300, 
2835.487300, 
2835.487300, 
2835.487300, 
2835.487300, 
2835.487300, 
2835.746867, 
2835.746867, 
2836.810234, 
2836.810234, 
2836.810234, 
2836.810234, 
2833.018234, 
2833.018234, 
2833.018234, 
2834.296692, 
2834.296692, 
2833.883335, 
2833.883335, 
2833.883335, 
2833.883335, 
2834.730264, 
2834.730264, 
2834.473003, 
2834.473003, 
2834.942926, 
2838.468145, 
2835.489702, 
2836.289820, 
2836.289820, 
2836.289820, 
2836.289820, 
2836.289820, 
2836.289820, 
2836.289820, 
2835.243561, 
2836.850277, 
2836.850277, 
2838.031681, 
2835.584844, 
2835.584844, 
2835.584844, 
2835.584844, 
2839.468371, 
2839.468371, 
2839.468371, 
2839.468371, 
2839.468371, 
2844.749625, 
2844.749625, 
2842.205854, 
2842.205854, 
2842.205854, 
2842.205854, 
2844.589326, 
2842.838220, 
2842.838220, 
2842.838220, 
2842.838220, 
2842.838220, 
2842.838220, 
2844.462639, 
2842.007571, 
2839.836381, 
2839.836381, 
2838.415318, 
2842.697592, 
2842.697592, 
2842.697592, 
2842.697592, 
2843.003880, 
2837.381801, 
2837.381801, 
2839.653389, 
2839.348227, 
2838.323070, 
2838.323070, 
2838.323070, 
2840.914638, 
2840.914638, 
2840.914638, 
2840.922807, 
2840.922807, 
2840.922807, 
2840.922807, 
2840.922807, 
2840.922807, 
2841.616327, 
2841.616327, 
2841.616327, 
2844.197907, 
2841.631432, 
2841.428369, 
2841.428369, 
2841.428369, 
2839.379942, 
2839.413178, 
2839.413178, 
2836.079858, 
2835.572038, 
2835.572038, 
2835.572038, 
2835.572038, 
2835.311468, 
2835.363347, 
2835.363347, 
2835.363347, 
2835.363347, 
2835.363347, 
2835.363347, 
2832.682368, 
2832.682368, 
2832.682368, 
2832.682368, 
2834.910833, 
2834.910833, 
2834.910833, 
2834.910833, 
2834.910833, 
2834.910833, 
2834.910833, 
2834.910833, 
2834.910833, 
2834.910833, 
2833.074733, 
2833.074733, 
2833.074733, 
2833.074733, 
2833.074733, 
2833.074733, 
2833.074733, 
2833.074733, 
2833.074733, 
2833.074733, 
2833.074733, 
2833.074733, 
2833.074733, 
2832.846078, 
2832.846078, 
2832.846078, 
2834.446686, 
2834.446686, 
2834.240542, 
2834.240542, 
2834.240542, 
2834.240542, 
2836.578046, 
2836.578046, 
2836.578046, 
2836.578046, 
2836.578046, 
2837.036928, 
2837.735541, 
2837.735541, 
2837.735541, 
2837.735541, 
2837.735541, 
2836.817341, 
2836.817341, 
2836.817341, 
2836.353641, 
2836.353641, 
2836.353641, 
2837.204303, 
2837.204303, 
2837.204303, 
2835.076304, 
2834.902891, 
2834.658760, 
2834.658760, 
2834.658760, 
2834.658760, 
2834.658760, 
2835.528514, 
2835.528514, 
2836.161789, 
2836.161789, 
2836.161789, 
2836.161789, 
2836.161789, 
2833.910980, 
2833.910980, 
2833.910980, 
2833.910980, 
2833.910980, 
2833.910980, 
2833.910980, 
2833.910980, 
2833.910980, 
2833.207462, 
2833.207462, 
2833.207462, 
2833.207462, 
2833.207462, 
2833.207462, 
2833.207462, 
2833.207462, 
2833.207462, 
2833.207462, 
2833.207462, 
2832.016407, 
2832.016407, 
2832.016407, 
2832.016407, 
2832.016407, 
2832.016407, 
2832.016407, 
2832.016407, 
2832.016407, 
2832.016407, 
2832.016407, 
2832.016407, 
2832.016407, 
2832.016407, 
2832.016407, 
2832.016407, 
2832.016407, 
2832.016407, 
2832.016407, 
2832.016407, 
2832.413497, 
2832.413497, 
2832.413497, 
2832.413497, 
2832.413497, 
2832.413497, 
2832.413497, 
2832.413497, 
2832.413497, 
2832.413497, 
2832.413497, 
2832.413497, 
2832.413497, 
2834.163971, 
2834.163971, 
2834.163971, 
2834.163971, 
2835.016589, 
2835.016589, 
2835.016589, 
2835.016589, 
2835.016589, 
2835.016589, 
2835.998711, 
2835.998711, 
2835.998711, 
2839.904421, 
2838.146554, 
2838.146554, 
2838.146554, 
2838.146554, 
2838.146554, 
2838.146554, 
2839.992847, 
2837.180632, 
2837.180632, 
2837.357469, 
2837.357469, 
2837.357469, 
2837.357469, 
2837.357469, 
2837.357469, 
2835.603731, 
2835.603731, 
2835.603731, 
2835.603731, 
2841.661223, 
2841.661223, 
2837.424292, 
2838.685594, 
2832.513461, 
2832.513461, 
2832.513461, 
2834.325510, 
2834.325510, 
2835.514556, 
2835.514556, 
2833.652528, 
2833.652528, 
2833.652528, 
2832.105649, 
2834.860712, 
2833.274086, 
2833.274086, 
2836.163780, 
2836.163780, 
2836.163780, 
2836.163780, 
2841.107231, 
2840.962618, 
2840.962618, 
2840.962618, 
2840.962618, 
2846.774023, 
2846.774023, 
2846.774023, 
2846.774023, 
2846.774023, 
2846.774023, 
2846.774023, 
2846.774023, 
2846.305238, 
2846.305238, 
2834.084476, 
2834.084476, 
2834.084476, 
2834.084476, 
2834.084476, 
2834.668822, 
2834.668822, 
2834.668822, 
2834.668822, 
2834.668822, 
2835.753851, 
2835.753851, 
2834.826061, 
2833.942468, 
2833.942468, 
2833.942468, 
2833.942468, 
2834.494156, 
2834.494156, 
2834.421866, 
2835.737670, 
2835.737670, 
2835.737670, 
2836.810020, 
2836.810020, 
2836.810020, 
2833.069730, 
2833.069730, 
2833.069730, 
2832.588214, 
2832.588214, 
2832.537913, 
2832.537913, 
2834.200511, 
2834.200511, 
2833.423720, 
2833.423720, 
2833.423720, 
2834.348833, 
2833.739715, 
2833.739715, 
2834.594720, 
2832.926608, 
2832.970742, 
2832.970742, 
2833.286517, 
2833.387860, 
2833.387860, 
2833.387860, 
2833.387860, 
2833.387860, 
2834.039186, 
2834.336404, 
2835.049471, 
2835.049471, 
2835.049471, 
2835.049471, 
2835.049471, 
2835.049471, 
2835.049471, 
2835.049471, 
2836.792999, 
2835.258600, 
2841.365789, 
2841.460318, 
2837.370069, 
2837.370069, 
2840.900041, 
2842.962391, 
2842.962391, 
2842.962391, 
2842.962391, 
2842.962391, 
2842.962391, 
2842.962391, 
2842.962391, 
2842.962391, 
2842.962391, 
2841.840410, 
2844.843525, 
2844.843525, 
2844.843525, 
2840.163863, 
2843.059193, 
2840.594682, 
2842.219031, 
2841.222451, 
2837.164025, 
2837.164025, 
2837.164025, 
2837.164025, 
2837.164025, 
2837.164025, 
2835.431807, 
2835.431807, 
2835.152742, 
2835.152742, 
2834.809539, 
2837.280054, 
2835.340340, 
2835.340340, 
2832.289101, 
2832.289101, 
2832.289101, 
2833.236326, 
2833.236326, 
2833.236326, 
2833.236326, 
2833.236326, 
2833.236326, 
2835.197567, 
2835.197567, 
2835.197567, 
2835.197567, 
2835.197567, 
2836.764401, 
2836.764401, 
2836.764401, 
2834.371629, 
2835.330914, 
2834.282555, 
2834.282555, 
2836.504121, 
2840.905213, 
2844.058412, 
2844.058412, 
2844.058412, 
2844.058412, 
2844.058412, 
2844.058412, 
2844.058412, 
2840.178917, 
2836.664611, 
2839.016587, 
2838.522427, 
2835.505140, 
2835.505140, 
2835.505140, 
2835.505140, 
2835.410365, 
2835.410365, 
2835.410365, 
2835.410365, 
2836.658488, 
2836.658488, 
2836.658488, 
2836.658488, 
2836.658488, 
2836.658488, 
2836.658488, 
2835.574678, 
2832.694125, 
2832.694125, 
2832.694125, 
2832.694125, 
2832.694125, 
2832.694125, 
2835.131541, 
2835.131541, 
2834.571901, 
2837.043496, 
2837.043496, 
2837.043496, 
2837.043496, 
2837.043496, 
2837.119730, 
2836.106822, 
2836.106822, 
2836.106822, 
2836.458671, 
2836.458671, 
2834.943147, 
2834.943147, 
2834.834284, 
2834.834284, 
2832.276226, 
2832.276226, 
2832.276226, 
2832.276226, 
2832.276226, 
2832.276226, 
2832.276226, 
2836.969706, 
2839.958916, 
2839.958916, 
2839.958916, 
2836.486591, 
2836.486591, 
2838.440994, 
2838.440994, 
2838.411996, 
2835.906069, 
2835.906069, 
2832.340026, 
2832.340026, 
2832.340026, 
2834.886150, 
2835.665087, 
2835.665087, 
2834.195632, 
2834.195632, 
2834.195632, 
2834.195632, 
2834.195632, 
2834.195632, 
2834.195632, 
2834.195632, 
2834.195632, 
2834.195632, 
2834.195632, 
2834.195632, 
2834.195632, 
2834.195632, 
2832.549796, 
2832.549796, 
2833.510252, 
2833.510252, 
2833.510252, 
2833.510252, 
2833.510252, 
2833.510252, 
2833.510252, 
2833.510252, 
2833.510252, 
2833.510252, 
2833.510252, 
2833.510252, 
2835.966660, 
2836.705754, 
2840.048707, 
2840.048707, 
2840.048707, 
2835.057676, 
2835.057676, 
2836.762743, 
2834.457651, 
2834.457651, 
2834.457651, 
2834.457651, 
2834.457651, 
2834.457651, 
2834.457651, 
2833.222166, 
2834.957323, 
2834.957323, 
2834.957323, 
2834.957323, 
2833.738428, 
2833.738428, 
2833.738428, 
2835.706725, 
2835.706725, 
2835.706725, 
2835.706725, 
2835.706725, 
2835.706725, 
2836.024345, 
2836.024345, 
2836.024345, 
2836.024345, 
2836.024345, 
2839.645341, 
2833.933857, 
2833.933857, 
2833.933857, 
2833.933857, 
2833.933857, 
2833.933857, 
2835.545522, 
2835.545522, 
2835.545522, 
2835.142197, 
2836.196518, 
2836.526929, 
2836.526929, 
2839.888641, 
2840.309979, 
2840.309979, 
2840.309979, 
2840.309979, 
2846.759109, 
2846.759109, 
2846.759109, 
2847.024515, 
2847.024515, 
2847.024515, 
2845.855770, 
2845.855770, 
2845.855770, 
2845.855770, 
2845.855770, 
2845.855770, 
2854.628946, 
2854.628946, 
2854.628946, 
2854.628946, 
2854.628946, 
2854.628946, 
2854.628946, 
2837.653752, 
2837.653752, 
2837.653752, 
2835.477754, 
2835.477754, 
2835.477754, 
2835.477754, 
2835.477754, 
2835.477754, 
2835.477754, 
2835.477754, 
2833.714929, 
2835.868058, 
2835.868058, 
2836.111873, 
2834.580320, 
2838.722681, 
2838.722681, 
2839.075007, 
2835.312917, 
2835.312917, 
2832.277341, 
2832.277341, 
2832.277341, 
2832.277341, 
2832.277341, 
2832.277341, 
2832.277341, 
2832.277341, 
2835.343116, 
2835.343116, 
2835.343116, 
2840.042119, 
2840.042119, 
2838.136355, 
2837.678779, 
2837.678779, 
2837.678779, 
2837.678779, 
2838.567007, 
2838.567007, 
2838.567007, 
2838.567007, 
2838.799084, 
2838.799084, 
2838.799084, 
2837.603528, 
2837.603528, 
2837.603528, 
2835.091035, 
2836.198701, 
2836.198701, 
2838.572513, 
2838.572513, 
2836.715293, 
2836.715293, 
2836.715293, 
2836.715293, 
2836.715293, 
2836.715293, 
2836.715293, 
2836.715293, 
2835.405963, 
2835.405963, 
2835.405963, 
2835.405963, 
2835.405963, 
2835.405963, 
2835.405963, 
2835.405963, 
2835.405963, 
2835.405963, 
2835.405963, 
2835.405963, 
2835.405963, 
2835.405963, 
2835.405963, 
2835.405963, 
2835.405963, 
2832.385264, 
2832.385264, 
2832.385264, 
2832.385264, 
2832.385264, 
2833.042876, 
2834.743503, 
2835.936614, 
2833.904542, 
2833.917756, 
2834.709111, 
2837.689591, 
2837.689591, 
2837.689591, 
2837.689591, 
2836.733692, 
2836.733692, 
2836.733692, 
2836.733692, 
2836.555202, 
2834.921669, 
2834.921669, 
2833.110448, 
2833.327761, 
2833.327761, 
2833.327761, 
2833.327761, 
2833.327761, 
2833.327761, 
2833.327761, 
2833.073918, 
2833.073918, 
2833.707775, 
2834.005129, 
2834.005129, 
2832.153454, 
2832.153454, 
2832.153454, 
2832.153454, 
2832.153454, 
2832.153454, 
2832.153454, 
2832.153454, 
2832.153454, 
2832.153454, 
2832.153454, 
2832.153454, 
2832.153454, 
2832.153454, 
2832.153454, 
2834.690594, 
2834.690594, 
2834.690594, 
2834.690594, 
2834.690594, 
2834.690594, 
2834.690594, 
2834.690594, 
2834.690594, 
2833.069376, 
2833.069376, 
2833.069376, 
2832.804025, 
2832.804025, 
2832.804025, 
2832.804025, 
2832.804025, 
2832.804025, 
2832.804025, 
2832.804025, 
2835.099717, 
2835.156982, 
2833.100235, 
2835.062184, 
2835.062184, 
2835.062184, 
2835.062184, 
2834.609382, 
2835.048238, 
2835.048238, 
2834.684007, 
2837.674958, 
2837.674958, 
2837.674958, 
2837.674958, 
