-6.103440, -4.608740, 10.503602, 23.962185, 
6.560702, -8.404679, 17.930045, 4.862954, 
14.505263, 22.644713, 13.816081, 6.834384, 
14.505263, 22.644713, 13.816081, 6.834384, 
10.237781, 5.056206, 1.158148, 17.659365, 
18.737963, 8.717780, 9.306348, 15.694099, 
18.587274, 8.854986, 9.409126, 15.851153, 
18.535928, 8.975114, 9.405822, 16.025486, 
18.535928, 8.975114, 9.405822, 16.025486, 
14.867166, -7.834269, -11.872048, 14.815992, 
14.867166, -7.834269, -11.872048, 14.815992, 
14.867166, -7.834269, -11.872048, 14.815992, 
14.867166, -7.834269, -11.872048, 14.815992, 
14.867166, -7.834269, -11.872048, 14.815992, 
14.867166, -7.834269, -11.872048, 14.815992, 
14.867166, -7.834269, -11.872048, 14.815992, 
14.867166, -7.834269, -11.872048, 14.815992, 
14.867166, -7.834269, -11.872048, 14.815992, 
1.292060, 1.343197, 0.429783, 8.279021, 
1.292060, 1.343197, 0.429783, 8.279021, 
1.292060, 1.343197, 0.429783, 8.279021, 
1.292060, 1.343197, 0.429783, 8.279021, 
1.419147, 1.309461, 0.452954, 8.264601, 
1.419147, 1.309461, 0.452954, 8.264601, 
1.419147, 1.309461, 0.452954, 8.264601, 
1.419147, 1.309461, 0.452954, 8.264601, 
1.419147, 1.309461, 0.452954, 8.264601, 
1.419147, 1.309461, 0.452954, 8.264601, 
1.419147, 1.309461, 0.452954, 8.264601, 
1.419147, 1.309461, 0.452954, 8.264601, 
1.419147, 1.309461, 0.452954, 8.264601, 
1.419147, 1.309461, 0.452954, 8.264601, 
1.419147, 1.309461, 0.452954, 8.264601, 
-2.608512, 0.924254, 2.117932, 5.485026, 
-2.608512, 0.924254, 2.117932, 5.485026, 
-2.608512, 0.924254, 2.117932, 5.485026, 
-2.608512, 0.924254, 2.117932, 5.485026, 
-2.608512, 0.924254, 2.117932, 5.485026, 
-2.608512, 0.924254, 2.117932, 5.485026, 
-2.608512, 0.924254, 2.117932, 5.485026, 
-2.608512, 0.924254, 2.117932, 5.485026, 
-2.608512, 0.924254, 2.117932, 5.485026, 
-2.608512, 0.924254, 2.117932, 5.485026, 
-2.608512, 0.924254, 2.117932, 5.485026, 
-2.608512, 0.924254, 2.117932, 5.485026, 
-2.608512, 0.924254, 2.117932, 5.485026, 
-2.608512, 0.924254, 2.117932, 5.485026, 
-2.608512, 0.924254, 2.117932, 5.485026, 
-2.608512, 0.924254, 2.117932, 5.485026, 
-2.608512, 0.924254, 2.117932, 5.485026, 
-2.608512, 0.924254, 2.117932, 5.485026, 
-0.883336, 2.023218, 0.707384, 6.039353, 
-0.883336, 2.023218, 0.707384, 6.039353, 
-0.883336, 2.023218, 0.707384, 6.039353, 
-0.883336, 2.023218, 0.707384, 6.039353, 
-0.705160, 0.781902, 0.811698, 4.187398, 
-0.845324, 1.575160, 0.719840, 4.329213, 
-0.845324, 1.575160, 0.719840, 4.329213, 
-0.845324, 1.575160, 0.719840, 4.329213, 
-0.845324, 1.575160, 0.719840, 4.329213, 
-0.845324, 1.575160, 0.719840, 4.329213, 
-0.846998, 1.759849, 0.811885, 4.469280, 
-0.572083, 2.091612, 0.635582, 4.097039, 
-0.572083, 2.091612, 0.635582, 4.097039, 
-0.139875, 2.257683, 0.606945, 3.966735, 
0.080897, 2.225433, 0.626527, 3.890797, 
0.168067, 1.787685, 0.825645, 3.961180, 
0.168067, 1.787685, 0.825645, 3.961180, 
0.091333, 1.610140, 0.933289, 3.861591, 
0.238393, 1.571275, 0.936728, 4.006025, 
0.739784, 1.811046, 0.877073, 3.717260, 
0.690475, 1.813543, 1.014883, 4.040723, 
0.690475, 1.813543, 1.014883, 4.040723, 
0.690475, 1.813543, 1.014883, 4.040723, 
0.540219, 1.788218, 1.126780, 4.143862, 
0.540219, 1.788218, 1.126780, 4.143862, 
0.572038, 1.748474, 1.133739, 4.209100, 
0.777277, 1.545696, 1.174672, 4.204672, 
0.879189, 1.459491, 1.324663, 4.365018, 
1.052819, 1.464320, 1.374963, 4.310110, 
1.065600, 1.417700, 1.414470, 4.360736, 
1.152821, 1.469444, 1.455024, 4.329446, 
0.987624, 1.772828, 1.435397, 4.344330, 
1.049334, 1.870623, 1.451302, 4.180567, 
1.049334, 1.870623, 1.451302, 4.180567, 
1.049334, 1.870623, 1.451302, 4.180567, 
1.044465, 2.117338, 1.514557, 3.998275, 
0.883686, 1.804661, 1.537998, 4.307422, 
1.038794, 1.892022, 1.665149, 3.809988, 
1.024428, 2.037214, 1.702290, 3.670247, 
1.019870, 1.823263, 1.674407, 3.884908, 
0.947431, 1.979789, 1.764153, 3.717717, 
0.922343, 1.898294, 1.983074, 3.955812, 
0.922343, 1.898294, 1.983074, 3.955812, 
1.034768, 1.835144, 2.000544, 4.008405, 
0.970632, 1.884923, 2.035722, 3.930185, 
0.853659, 1.895561, 2.152601, 3.980283, 
0.853659, 1.895561, 2.152601, 3.980283, 
0.671558, 2.105736, 2.343932, 4.068700, 
0.671558, 2.105736, 2.343932, 4.068700, 
0.671558, 2.105736, 2.343932, 4.068700, 
0.671558, 2.105736, 2.343932, 4.068700, 
0.671558, 2.105736, 2.343932, 4.068700, 
0.666427, 2.103732, 2.369146, 4.016731, 
0.588389, 2.155880, 2.433148, 3.973257, 
0.619838, 2.203224, 2.579843, 4.193622, 
0.619838, 2.203224, 2.579843, 4.193622, 
0.619838, 2.203224, 2.579843, 4.193622, 
0.516354, 2.347618, 2.868958, 3.944034, 
0.703792, 2.248446, 2.797166, 4.218756, 
0.703792, 2.248446, 2.797166, 4.218756, 
0.703792, 2.248446, 2.797166, 4.218756, 
0.703792, 2.248446, 2.797166, 4.218756, 
0.703792, 2.248446, 2.797166, 4.218756, 
0.703792, 2.248446, 2.797166, 4.218756, 
0.748737, 2.258929, 2.840293, 4.259477, 
0.748737, 2.258929, 2.840293, 4.259477, 
0.924511, 2.191179, 2.853970, 4.319051, 
0.924511, 2.191179, 2.853970, 4.319051, 
0.924511, 2.191179, 2.853970, 4.319051, 
0.924511, 2.191179, 2.853970, 4.319051, 
0.924511, 2.191179, 2.853970, 4.319051, 
0.924511, 2.191179, 2.853970, 4.319051, 
0.924511, 2.191179, 2.853970, 4.319051, 
0.924511, 2.191179, 2.853970, 4.319051, 
0.759131, 1.905163, 2.964806, 4.334083, 
0.759131, 1.905163, 2.964806, 4.334083, 
0.759131, 1.905163, 2.964806, 4.334083, 
0.783191, 1.826676, 3.095091, 4.305581, 
0.783191, 1.826676, 3.095091, 4.305581, 
0.783191, 1.826676, 3.095091, 4.305581, 
0.783191, 1.826676, 3.095091, 4.305581, 
0.783191, 1.826676, 3.095091, 4.305581, 
0.783191, 1.826676, 3.095091, 4.305581, 
0.890982, 1.932121, 3.194531, 4.138229, 
0.890982, 1.932121, 3.194531, 4.138229, 
0.865163, 2.020769, 2.989541, 4.142495, 
0.865163, 2.020769, 2.989541, 4.142495, 
0.865163, 2.020769, 2.989541, 4.142495, 
0.865163, 2.020769, 2.989541, 4.142495, 
0.865163, 2.020769, 2.989541, 4.142495, 
0.865163, 2.020769, 2.989541, 4.142495, 
0.865163, 2.020769, 2.989541, 4.142495, 
0.865163, 2.020769, 2.989541, 4.142495, 
0.865163, 2.020769, 2.989541, 4.142495, 
0.975919, 1.975255, 2.944140, 4.079970, 
0.975919, 1.975255, 2.944140, 4.079970, 
0.975919, 1.975255, 2.944140, 4.079970, 
0.975919, 1.975255, 2.944140, 4.079970, 
0.959993, 1.953847, 2.954529, 4.102180, 
0.959993, 1.953847, 2.954529, 4.102180, 
0.959993, 1.953847, 2.954529, 4.102180, 
0.959993, 1.953847, 2.954529, 4.102180, 
0.959993, 1.953847, 2.954529, 4.102180, 
0.959993, 1.953847, 2.954529, 4.102180, 
0.959993, 1.953847, 2.954529, 4.102180, 
0.959993, 1.953847, 2.954529, 4.102180, 
0.959993, 1.953847, 2.954529, 4.102180, 
0.975104, 1.957665, 2.955885, 4.094851, 
0.974901, 1.981527, 2.979372, 4.063922, 
0.974901, 1.981527, 2.979372, 4.063922, 
0.974901, 1.981527, 2.979372, 4.063922, 
0.974901, 1.981527, 2.979372, 4.063922, 
0.996423, 1.954196, 2.990378, 4.087618, 
0.996423, 1.954196, 2.990378, 4.087618, 
0.996423, 1.954196, 2.990378, 4.087618, 
0.996423, 1.954196, 2.990378, 4.087618, 
0.996423, 1.954196, 2.990378, 4.087618, 
0.996423, 1.954196, 2.990378, 4.087618, 
0.996423, 1.954196, 2.990378, 4.087618, 
0.996423, 1.954196, 2.990378, 4.087618, 
0.996423, 1.954196, 2.990378, 4.087618, 
1.008444, 1.964826, 2.995894, 4.108969, 
1.008444, 1.964826, 2.995894, 4.108969, 
1.008444, 1.964826, 2.995894, 4.108969, 
1.008444, 1.964826, 2.995894, 4.108969, 
1.008444, 1.964826, 2.995894, 4.108969, 
1.008444, 1.964826, 2.995894, 4.108969, 
1.008444, 1.964826, 2.995894, 4.108969, 
1.019745, 1.964559, 3.000788, 4.128701, 
1.019745, 1.964559, 3.000788, 4.128701, 
1.056188, 1.949285, 3.017485, 4.107527, 
1.056188, 1.949285, 3.017485, 4.107527, 
1.028559, 1.956623, 3.040502, 4.076028, 
1.028559, 1.956623, 3.040502, 4.076028, 
1.028559, 1.956623, 3.040502, 4.076028, 
1.028559, 1.956623, 3.040502, 4.076028, 
1.031499, 1.938893, 2.969053, 4.087535, 
1.031499, 1.938893, 2.969053, 4.087535, 
1.031499, 1.938893, 2.969053, 4.087535, 
1.031499, 1.938893, 2.969053, 4.087535, 
1.031499, 1.938893, 2.969053, 4.087535, 
1.031499, 1.938893, 2.969053, 4.087535, 
1.015874, 1.935726, 2.977369, 4.056519, 
0.978238, 1.948956, 2.962922, 4.056929, 
0.978238, 1.948956, 2.962922, 4.056929, 
0.978238, 1.948956, 2.962922, 4.056929, 
0.997033, 1.946246, 2.970219, 4.054910, 
0.997033, 1.946246, 2.970219, 4.054910, 
0.997033, 1.946246, 2.970219, 4.054910, 
0.988086, 1.948635, 3.006523, 4.027950, 
0.988086, 1.948635, 3.006523, 4.027950, 
0.988086, 1.948635, 3.006523, 4.027950, 
0.988086, 1.948635, 3.006523, 4.027950, 
0.988086, 1.948635, 3.006523, 4.027950, 
0.988086, 1.948635, 3.006523, 4.027950, 
0.994520, 1.970390, 3.044664, 4.095421, 
1.034648, 1.935039, 3.027998, 4.082153, 
1.044202, 1.956072, 3.028285, 4.116140, 
1.044202, 1.956072, 3.028285, 4.116140, 
1.044202, 1.956072, 3.028285, 4.116140, 
0.972770, 1.952772, 3.020151, 4.110198, 
0.951243, 1.951382, 3.025273, 4.082774, 
0.951243, 1.951382, 3.025273, 4.082774, 
0.951243, 1.951382, 3.025273, 4.082774, 
0.953495, 1.936542, 3.052828, 4.105826, 
0.955371, 1.916669, 3.049296, 4.065912, 
0.971966, 1.919738, 3.017308, 4.082778, 
0.971966, 1.919738, 3.017308, 4.082778, 
0.971966, 1.919738, 3.017308, 4.082778, 
0.971966, 1.919738, 3.017308, 4.082778, 
0.971966, 1.919738, 3.017308, 4.082778, 
0.996519, 1.939877, 2.990499, 4.078543, 
0.996519, 1.939877, 2.990499, 4.078543, 
1.006544, 1.960837, 3.019139, 4.044431, 
0.999744, 1.941446, 3.009053, 4.060986, 
0.999744, 1.941446, 3.009053, 4.060986, 
0.999744, 1.941446, 3.009053, 4.060986, 
0.999744, 1.941446, 3.009053, 4.060986, 
0.975137, 1.922094, 3.025565, 4.040818, 
0.975137, 1.922094, 3.025565, 4.040818, 
0.975137, 1.922094, 3.025565, 4.040818, 
0.975137, 1.922094, 3.025565, 4.040818, 
0.975137, 1.922094, 3.025565, 4.040818, 
0.975137, 1.922094, 3.025565, 4.040818, 
0.975137, 1.922094, 3.025565, 4.040818, 
0.975137, 1.922094, 3.025565, 4.040818, 
0.975137, 1.922094, 3.025565, 4.040818, 
0.975137, 1.922094, 3.025565, 4.040818, 
0.975137, 1.922094, 3.025565, 4.040818, 
0.975137, 1.922094, 3.025565, 4.040818, 
0.975137, 1.922094, 3.025565, 4.040818, 
1.015811, 1.926523, 3.001730, 4.048782, 
1.015811, 1.926523, 3.001730, 4.048782, 
1.015811, 1.926523, 3.001730, 4.048782, 
1.015811, 1.926523, 3.001730, 4.048782, 
1.015811, 1.926523, 3.001730, 4.048782, 
1.003645, 1.928921, 2.985349, 4.070600, 
1.003645, 1.928921, 2.985349, 4.070600, 
1.019390, 1.919231, 3.005411, 4.045963, 
1.019390, 1.919231, 3.005411, 4.045963, 
1.019390, 1.919231, 3.005411, 4.045963, 
1.037435, 1.908974, 2.990900, 4.093297, 
1.037435, 1.908974, 2.990900, 4.093297, 
1.037435, 1.908974, 2.990900, 4.093297, 
1.014132, 1.910066, 3.060892, 4.089625, 
1.028615, 1.922632, 3.018496, 4.100094, 
1.021740, 1.945395, 3.022363, 4.093402, 
1.021740, 1.945395, 3.022363, 4.093402, 
0.992701, 1.995018, 3.027777, 4.066153, 
0.992701, 1.995018, 3.027777, 4.066153, 
0.992701, 1.995018, 3.027777, 4.066153, 
0.992701, 1.995018, 3.027777, 4.066153, 
0.992701, 1.995018, 3.027777, 4.066153, 
0.992701, 1.995018, 3.027777, 4.066153, 
0.992701, 1.995018, 3.027777, 4.066153, 
0.992701, 1.995018, 3.027777, 4.066153, 
0.992701, 1.995018, 3.027777, 4.066153, 
1.048690, 1.982349, 3.034332, 4.065840, 
1.037815, 1.981563, 3.025244, 4.077242, 
1.037815, 1.981563, 3.025244, 4.077242, 
0.993787, 1.920100, 2.994124, 4.058479, 
0.993787, 1.920100, 2.994124, 4.058479, 
0.993787, 1.920100, 2.994124, 4.058479, 
0.993787, 1.920100, 2.994124, 4.058479, 
0.993787, 1.920100, 2.994124, 4.058479, 
0.993787, 1.920100, 2.994124, 4.058479, 
0.993787, 1.920100, 2.994124, 4.058479, 
0.993787, 1.920100, 2.994124, 4.058479, 
0.993787, 1.920100, 2.994124, 4.058479, 
1.009725, 1.941115, 3.016738, 4.039583, 
1.017044, 1.919359, 3.066120, 4.064474, 
1.017044, 1.919359, 3.066120, 4.064474, 
1.017044, 1.919359, 3.066120, 4.064474, 
1.017044, 1.919359, 3.066120, 4.064474, 
1.017044, 1.919359, 3.066120, 4.064474, 
1.017044, 1.919359, 3.066120, 4.064474, 
0.999930, 1.939082, 3.060715, 4.030526, 
0.998419, 1.960995, 2.995201, 4.056994, 
0.998419, 1.960995, 2.995201, 4.056994, 
0.998499, 1.923427, 2.991618, 4.070267, 
0.998499, 1.923427, 2.991618, 4.070267, 
0.998499, 1.923427, 2.991618, 4.070267, 
0.982016, 1.912860, 3.029997, 4.060286, 
0.982016, 1.912860, 3.029997, 4.060286, 
0.982016, 1.912860, 3.029997, 4.060286, 
0.982016, 1.912860, 3.029997, 4.060286, 
0.982016, 1.912860, 3.029997, 4.060286, 
0.990290, 1.898251, 2.991526, 4.072897, 
0.990290, 1.898251, 2.991526, 4.072897, 
1.031334, 1.910577, 2.959237, 4.008115, 
1.007184, 1.898170, 2.931015, 4.043951, 
1.007184, 1.898170, 2.931015, 4.043951, 
1.007184, 1.898170, 2.931015, 4.043951, 
1.007184, 1.898170, 2.931015, 4.043951, 
1.007184, 1.898170, 2.931015, 4.043951, 
1.007184, 1.898170, 2.931015, 4.043951, 
1.007184, 1.898170, 2.931015, 4.043951, 
1.007184, 1.898170, 2.931015, 4.043951, 
1.007184, 1.898170, 2.931015, 4.043951, 
1.065131, 1.914672, 2.957426, 4.059095, 
1.065131, 1.914672, 2.957426, 4.059095, 
1.064993, 1.958023, 2.958290, 4.065504, 
1.064993, 1.958023, 2.958290, 4.065504, 
1.064993, 1.958023, 2.958290, 4.065504, 
1.064993, 1.958023, 2.958290, 4.065504, 
1.064993, 1.958023, 2.958290, 4.065504, 
1.064993, 1.958023, 2.958290, 4.065504, 
1.064993, 1.958023, 2.958290, 4.065504, 
1.021190, 1.976531, 3.015680, 4.080332, 
1.021190, 1.976531, 3.015680, 4.080332, 
1.021190, 1.976531, 3.015680, 4.080332, 
1.021190, 1.976531, 3.015680, 4.080332, 
1.021190, 1.976531, 3.015680, 4.080332, 
1.021190, 1.976531, 3.015680, 4.080332, 
1.021190, 1.976531, 3.015680, 4.080332, 
1.021190, 1.976531, 3.015680, 4.080332, 
1.021190, 1.976531, 3.015680, 4.080332, 
1.021190, 1.976531, 3.015680, 4.080332, 
0.986352, 1.979880, 3.011585, 4.095730, 
0.980882, 1.961029, 2.984841, 4.099924, 
0.980882, 1.961029, 2.984841, 4.099924, 
0.980882, 1.961029, 2.984841, 4.099924, 
0.980882, 1.961029, 2.984841, 4.099924, 
0.950171, 1.972769, 2.996805, 4.052888, 
0.950171, 1.972769, 2.996805, 4.052888, 
0.954868, 1.983029, 3.003290, 4.055388, 
0.918241, 1.981826, 3.034464, 4.031086, 
0.918241, 1.981826, 3.034464, 4.031086, 
0.918241, 1.981826, 3.034464, 4.031086, 
0.918241, 1.981826, 3.034464, 4.031086, 
0.918241, 1.981826, 3.034464, 4.031086, 
0.918241, 1.981826, 3.034464, 4.031086, 
0.915569, 2.000354, 3.026395, 4.066558, 
0.915569, 2.000354, 3.026395, 4.066558, 
0.944052, 2.014878, 2.959838, 4.071650, 
0.944319, 2.020621, 2.996555, 4.032556, 
0.944319, 2.020621, 2.996555, 4.032556, 
0.944319, 2.020621, 2.996555, 4.032556, 
0.944319, 2.020621, 2.996555, 4.032556, 
0.954844, 2.003258, 2.988218, 4.032726, 
0.954844, 2.003258, 2.988218, 4.032726, 
0.954844, 2.003258, 2.988218, 4.032726, 
0.954844, 2.003258, 2.988218, 4.032726, 
0.954844, 2.003258, 2.988218, 4.032726, 
0.954844, 2.003258, 2.988218, 4.032726, 
0.954844, 2.003258, 2.988218, 4.032726, 
0.954844, 2.003258, 2.988218, 4.032726, 
0.965951, 1.984098, 3.029909, 4.134343, 
0.965951, 1.984098, 3.029909, 4.134343, 
0.944770, 1.946715, 3.059843, 4.106986, 
0.944005, 1.988552, 3.007337, 4.081891, 
0.924348, 2.002392, 3.011182, 4.026234, 
0.949215, 1.959014, 3.060935, 3.986295, 
0.933395, 1.988293, 3.028670, 4.013301, 
0.933395, 1.988293, 3.028670, 4.013301, 
0.933395, 1.988293, 3.028670, 4.013301, 
0.933395, 1.988293, 3.028670, 4.013301, 
0.933395, 1.988293, 3.028670, 4.013301, 
0.948174, 1.978118, 3.006988, 4.025518, 
0.948174, 1.978118, 3.006988, 4.025518, 
0.996941, 1.943233, 2.971364, 4.046883, 
1.049430, 1.955419, 2.967246, 4.056601, 
1.020051, 1.965600, 2.987572, 4.042363, 
0.981121, 1.944753, 2.983065, 4.071894, 
0.981121, 1.944753, 2.983065, 4.071894, 
0.981121, 1.944753, 2.983065, 4.071894, 
0.955095, 1.933854, 2.987307, 4.078138, 
0.955095, 1.933854, 2.987307, 4.078138, 
0.965985, 1.932012, 3.032884, 4.093190, 
0.985861, 1.977790, 3.011126, 4.100245, 
0.985861, 1.977790, 3.011126, 4.100245, 
0.985861, 1.977790, 3.011126, 4.100245, 
0.959972, 1.958231, 2.969855, 4.045754, 
0.979454, 1.999108, 2.982780, 4.071041, 
0.975322, 1.895232, 2.935636, 4.059570, 
0.921664, 1.907219, 2.965496, 4.031588, 
0.921664, 1.907219, 2.965496, 4.031588, 
0.921664, 1.907219, 2.965496, 4.031588, 
0.932606, 1.921000, 2.960057, 4.052302, 
0.932606, 1.921000, 2.960057, 4.052302, 
0.934709, 1.968309, 2.971839, 4.020568, 
0.934709, 1.968309, 2.971839, 4.020568, 
0.934709, 1.968309, 2.971839, 4.020568, 
0.934709, 1.968309, 2.971839, 4.020568, 
0.934709, 1.968309, 2.971839, 4.020568, 
0.934709, 1.968309, 2.971839, 4.020568, 
0.947829, 1.973746, 2.975034, 3.990275, 
0.947829, 1.973746, 2.975034, 3.990275, 
0.921968, 1.990598, 3.012163, 4.031869, 
0.921968, 1.990598, 3.012163, 4.031869, 
0.921968, 1.990598, 3.012163, 4.031869, 
0.921968, 1.990598, 3.012163, 4.031869, 
0.921968, 1.990598, 3.012163, 4.031869, 
0.921968, 1.990598, 3.012163, 4.031869, 
0.921968, 1.990598, 3.012163, 4.031869, 
0.950674, 1.959232, 3.033344, 4.040673, 
0.950674, 1.959232, 3.033344, 4.040673, 
0.966916, 1.919510, 3.008333, 4.023442, 
0.966916, 1.919510, 3.008333, 4.023442, 
0.995085, 1.973190, 2.998016, 4.021350, 
0.995085, 1.973190, 2.998016, 4.021350, 
0.995085, 1.973190, 2.998016, 4.021350, 
1.004858, 1.909811, 3.028712, 4.025158, 
1.007220, 1.904853, 2.990762, 4.053651, 
1.007220, 1.904853, 2.990762, 4.053651, 
1.007220, 1.904853, 2.990762, 4.053651, 
1.007220, 1.904853, 2.990762, 4.053651, 
0.990847, 1.959278, 3.007700, 4.035830, 
0.990847, 1.959278, 3.007700, 4.035830, 
0.990847, 1.959278, 3.007700, 4.035830, 
0.990847, 1.959278, 3.007700, 4.035830, 
0.990847, 1.959278, 3.007700, 4.035830, 
0.990847, 1.959278, 3.007700, 4.035830, 
0.990847, 1.959278, 3.007700, 4.035830, 
0.990847, 1.959278, 3.007700, 4.035830, 
0.990847, 1.959278, 3.007700, 4.035830, 
0.990847, 1.959278, 3.007700, 4.035830, 
1.016005, 1.882026, 3.005721, 4.041065, 
0.954321, 1.887390, 2.949491, 4.025663, 
1.001279, 1.883049, 2.992276, 4.037210, 
1.001279, 1.883049, 2.992276, 4.037210, 
1.001279, 1.883049, 2.992276, 4.037210, 
1.001279, 1.883049, 2.992276, 4.037210, 
1.001279, 1.883049, 2.992276, 4.037210, 
1.001279, 1.883049, 2.992276, 4.037210, 
1.002070, 1.887023, 2.958906, 4.046660, 
1.002070, 1.887023, 2.958906, 4.046660, 
0.980206, 1.931708, 2.943984, 4.052840, 
0.980206, 1.931708, 2.943984, 4.052840, 
0.980206, 1.931708, 2.943984, 4.052840, 
0.980206, 1.931708, 2.943984, 4.052840, 
0.980206, 1.931708, 2.943984, 4.052840, 
0.980206, 1.931708, 2.943984, 4.052840, 
0.980206, 1.931708, 2.943984, 4.052840, 
1.003447, 1.918170, 2.982722, 4.085014, 
0.983396, 1.941661, 3.048595, 4.095394, 
0.991822, 1.962569, 3.064641, 4.086399, 
0.991822, 1.962569, 3.064641, 4.086399, 
0.986437, 1.913586, 3.050095, 4.103624, 
1.000528, 1.944313, 3.063832, 4.064659, 
1.000528, 1.944313, 3.063832, 4.064659, 
1.000528, 1.944313, 3.063832, 4.064659, 
1.000528, 1.944313, 3.063832, 4.064659, 
1.000528, 1.944313, 3.063832, 4.064659, 
1.000528, 1.944313, 3.063832, 4.064659, 
1.000528, 1.944313, 3.063832, 4.064659, 
1.000528, 1.944313, 3.063832, 4.064659, 
1.023365, 1.952201, 3.080992, 4.073976, 
1.023365, 1.952201, 3.080992, 4.073976, 
1.023365, 1.952201, 3.080992, 4.073976, 
1.023365, 1.952201, 3.080992, 4.073976, 
0.961998, 1.982333, 3.070526, 4.045086, 
0.961998, 1.982333, 3.070526, 4.045086, 
0.961998, 1.982333, 3.070526, 4.045086, 
0.961998, 1.982333, 3.070526, 4.045086, 
0.961998, 1.982333, 3.070526, 4.045086, 
0.961998, 1.982333, 3.070526, 4.045086, 
0.961998, 1.982333, 3.070526, 4.045086, 
0.961998, 1.982333, 3.070526, 4.045086, 
0.952792, 1.945493, 3.050861, 4.043470, 
0.952792, 1.945493, 3.050861, 4.043470, 
0.952792, 1.945493, 3.050861, 4.043470, 
0.952792, 1.945493, 3.050861, 4.043470, 
0.952792, 1.945493, 3.050861, 4.043470, 
0.952792, 1.945493, 3.050861, 4.043470, 
0.987760, 1.942138, 3.062951, 4.023359, 
0.987760, 1.942138, 3.062951, 4.023359, 
0.987760, 1.942138, 3.062951, 4.023359, 
0.987760, 1.942138, 3.062951, 4.023359, 
0.987760, 1.942138, 3.062951, 4.023359, 
0.962538, 1.929814, 3.069909, 4.061495, 
0.962881, 1.955755, 3.042771, 4.078082, 
0.980295, 1.956573, 3.056014, 4.072303, 
0.980295, 1.956573, 3.056014, 4.072303, 
0.980295, 1.956573, 3.056014, 4.072303, 
0.980295, 1.956573, 3.056014, 4.072303, 
0.992546, 1.938009, 3.004651, 4.096500, 
0.992546, 1.938009, 3.004651, 4.096500, 
0.992546, 1.938009, 3.004651, 4.096500, 
0.992546, 1.938009, 3.004651, 4.096500, 
0.992546, 1.938009, 3.004651, 4.096500, 
0.992546, 1.938009, 3.004651, 4.096500, 
0.992546, 1.938009, 3.004651, 4.096500, 
0.992546, 1.938009, 3.004651, 4.096500, 
0.992546, 1.938009, 3.004651, 4.096500, 
0.992546, 1.938009, 3.004651, 4.096500, 
0.992546, 1.938009, 3.004651, 4.096500, 
0.980599, 1.964033, 3.039884, 4.067503, 
0.980599, 1.964033, 3.039884, 4.067503, 
0.980599, 1.964033, 3.039884, 4.067503, 
0.980599, 1.964033, 3.039884, 4.067503, 
0.980599, 1.964033, 3.039884, 4.067503, 
0.980599, 1.964033, 3.039884, 4.067503, 
0.975501, 1.973733, 3.026180, 4.061186, 
0.975501, 1.973733, 3.026180, 4.061186, 
1.002487, 1.986754, 2.992861, 4.055925, 
0.962946, 1.990015, 2.983812, 4.027006, 
0.962946, 1.990015, 2.983812, 4.027006, 
0.962946, 1.990015, 2.983812, 4.027006, 
0.990737, 1.953833, 2.978705, 4.018814, 
0.969500, 1.968556, 2.962132, 4.018450, 
1.015540, 1.949649, 2.975961, 4.023138, 
1.015540, 1.949649, 2.975961, 4.023138, 
1.022201, 1.958595, 2.984010, 4.016004, 
0.985839, 1.960429, 2.979562, 4.022580, 
0.985839, 1.960429, 2.979562, 4.022580, 
0.985839, 1.960429, 2.979562, 4.022580, 
0.956904, 1.991069, 3.022408, 3.993506, 
0.956904, 1.991069, 3.022408, 3.993506, 
0.956904, 1.991069, 3.022408, 3.993506, 
0.948680, 1.882997, 3.011153, 4.012218, 
0.902921, 1.912175, 3.035005, 3.982595, 
0.903283, 1.861455, 3.028865, 4.040479, 
0.903283, 1.861455, 3.028865, 4.040479, 
0.965473, 1.849540, 2.976034, 4.009223, 
0.965473, 1.849540, 2.976034, 4.009223, 
0.965473, 1.849540, 2.976034, 4.009223, 
1.060238, 1.894699, 2.999522, 4.030712, 
1.060663, 1.932377, 3.007417, 3.993773, 
1.060663, 1.932377, 3.007417, 3.993773, 
1.060663, 1.932377, 3.007417, 3.993773, 
1.060663, 1.932377, 3.007417, 3.993773, 
0.956242, 1.872074, 2.956773, 4.012137, 
0.956242, 1.872074, 2.956773, 4.012137, 
0.946715, 1.898672, 2.970986, 4.012602, 
0.946715, 1.898672, 2.970986, 4.012602, 
0.981152, 1.869970, 2.978586, 4.045157, 
0.981152, 1.869970, 2.978586, 4.045157, 
0.981152, 1.869970, 2.978586, 4.045157, 
0.981152, 1.869970, 2.978586, 4.045157, 
0.952880, 1.933021, 3.003408, 4.022756, 
0.952880, 1.933021, 3.003408, 4.022756, 
0.952880, 1.933021, 3.003408, 4.022756, 
0.952880, 1.933021, 3.003408, 4.022756, 
0.952880, 1.933021, 3.003408, 4.022756, 
0.952880, 1.933021, 3.003408, 4.022756, 
0.952880, 1.933021, 3.003408, 4.022756, 
0.952880, 1.933021, 3.003408, 4.022756, 
0.952880, 1.933021, 3.003408, 4.022756, 
0.952880, 1.933021, 3.003408, 4.022756, 
0.979772, 1.905159, 3.022928, 4.028882, 
0.979772, 1.905159, 3.022928, 4.028882, 
0.979772, 1.905159, 3.022928, 4.028882, 
1.018630, 1.933801, 2.991535, 4.045809, 
1.018630, 1.933801, 2.991535, 4.045809, 
1.018630, 1.933801, 2.991535, 4.045809, 
1.018630, 1.933801, 2.991535, 4.045809, 
1.018630, 1.933801, 2.991535, 4.045809, 
1.018630, 1.933801, 2.991535, 4.045809, 
1.018630, 1.933801, 2.991535, 4.045809, 
1.018630, 1.933801, 2.991535, 4.045809, 
1.018630, 1.933801, 2.991535, 4.045809, 
1.018630, 1.933801, 2.991535, 4.045809, 
1.018630, 1.933801, 2.991535, 4.045809, 
0.986000, 1.949446, 2.997606, 3.982037, 
0.968192, 1.960919, 2.976322, 4.020424, 
0.982847, 1.951850, 2.998477, 3.998110, 
0.982847, 1.951850, 2.998477, 3.998110, 
0.982847, 1.951850, 2.998477, 3.998110, 
0.982847, 1.951850, 2.998477, 3.998110, 
0.994134, 1.953546, 3.032056, 3.992101, 
1.040297, 1.959102, 3.025367, 4.012911, 
1.053914, 1.952804, 2.987359, 4.029448, 
1.053914, 1.952804, 2.987359, 4.029448, 
1.037930, 1.965467, 3.013660, 4.000281, 
1.018225, 1.940046, 3.034286, 3.998369, 
1.018225, 1.940046, 3.034286, 3.998369, 
0.986322, 1.920557, 3.031374, 3.994103, 
0.986322, 1.920557, 3.031374, 3.994103, 
0.980840, 1.925544, 3.025518, 4.012482, 
0.980840, 1.925544, 3.025518, 4.012482, 
0.980840, 1.925544, 3.025518, 4.012482, 
0.988345, 1.940184, 2.978681, 4.012194, 
0.988345, 1.940184, 2.978681, 4.012194, 
0.988345, 1.940184, 2.978681, 4.012194, 
0.988345, 1.940184, 2.978681, 4.012194, 
0.988345, 1.940184, 2.978681, 4.012194, 
0.978337, 1.895705, 3.024035, 4.058475, 
0.986765, 1.923201, 2.990602, 4.035675, 
0.986765, 1.923201, 2.990602, 4.035675, 
0.986765, 1.923201, 2.990602, 4.035675, 
0.986765, 1.923201, 2.990602, 4.035675, 
0.986765, 1.923201, 2.990602, 4.035675, 
0.986765, 1.923201, 2.990602, 4.035675, 
0.986765, 1.923201, 2.990602, 4.035675, 
0.955245, 1.942284, 3.018074, 4.037758, 
0.955245, 1.942284, 3.018074, 4.037758, 
0.955245, 1.942284, 3.018074, 4.037758, 
0.962324, 1.937874, 3.002611, 4.059748, 
0.962324, 1.937874, 3.002611, 4.059748, 
0.962324, 1.937874, 3.002611, 4.059748, 
0.962324, 1.937874, 3.002611, 4.059748, 
0.962324, 1.937874, 3.002611, 4.059748, 
0.962324, 1.937874, 3.002611, 4.059748, 
0.962324, 1.937874, 3.002611, 4.059748, 
0.962324, 1.937874, 3.002611, 4.059748, 
0.962324, 1.937874, 3.002611, 4.059748, 
0.962324, 1.937874, 3.002611, 4.059748, 
0.962324, 1.937874, 3.002611, 4.059748, 
0.962324, 1.937874, 3.002611, 4.059748, 
0.962324, 1.937874, 3.002611, 4.059748, 
0.962324, 1.937874, 3.002611, 4.059748, 
0.962324, 1.937874, 3.002611, 4.059748, 
0.970537, 1.919179, 3.037872, 4.018477, 
0.970537, 1.919179, 3.037872, 4.018477, 
0.970537, 1.919179, 3.037872, 4.018477, 
0.970537, 1.919179, 3.037872, 4.018477, 
0.939746, 1.942741, 3.088031, 4.061636, 
0.931533, 1.998322, 3.015856, 4.002996, 
0.931533, 1.998322, 3.015856, 4.002996, 
0.931533, 1.998322, 3.015856, 4.002996, 
1.000907, 2.027404, 3.018979, 4.019392, 
1.000907, 2.027404, 3.018979, 4.019392, 
1.000907, 2.027404, 3.018979, 4.019392, 
1.000907, 2.027404, 3.018979, 4.019392, 
0.987040, 2.003328, 2.993933, 4.015284, 
0.987040, 2.003328, 2.993933, 4.015284, 
0.987040, 2.003328, 2.993933, 4.015284, 
0.987040, 2.003328, 2.993933, 4.015284, 
0.987040, 2.003328, 2.993933, 4.015284, 
1.013723, 1.999768, 3.039331, 4.048012, 
1.018531, 1.955173, 3.050667, 4.047818, 
0.985001, 1.910128, 3.017796, 4.073710, 
0.979410, 1.913114, 3.076528, 4.060295, 
0.979410, 1.913114, 3.076528, 4.060295, 
0.979410, 1.913114, 3.076528, 4.060295, 
0.979410, 1.913114, 3.076528, 4.060295, 
0.979410, 1.913114, 3.076528, 4.060295, 
0.996248, 1.934470, 3.023360, 4.078589, 
1.012184, 1.951734, 2.986731, 4.076733, 
0.984765, 1.937059, 3.063028, 4.034090, 
0.995894, 1.938540, 3.038560, 4.028393, 
0.995894, 1.938540, 3.038560, 4.028393, 
0.995894, 1.938540, 3.038560, 4.028393, 
0.995894, 1.938540, 3.038560, 4.028393, 
0.995894, 1.938540, 3.038560, 4.028393, 
0.995894, 1.938540, 3.038560, 4.028393, 
0.995894, 1.938540, 3.038560, 4.028393, 
0.971825, 1.935741, 3.013402, 4.071914, 
0.971825, 1.935741, 3.013402, 4.071914, 
0.971825, 1.935741, 3.013402, 4.071914, 
0.971825, 1.935741, 3.013402, 4.071914, 
0.958904, 1.899503, 3.026025, 4.070610, 
0.958904, 1.899503, 3.026025, 4.070610, 
0.969477, 1.910895, 3.005141, 4.041412, 
0.969477, 1.910895, 3.005141, 4.041412, 
0.969477, 1.910895, 3.005141, 4.041412, 
0.969477, 1.910895, 3.005141, 4.041412, 
0.990402, 1.969495, 2.977932, 4.060619, 
0.990402, 1.969495, 2.977932, 4.060619, 
0.990296, 1.974066, 3.038569, 4.016428, 
0.990296, 1.974066, 3.038569, 4.016428, 
0.990296, 1.974066, 3.038569, 4.016428, 
0.976800, 1.976305, 3.052834, 4.033896, 
0.976800, 1.976305, 3.052834, 4.033896, 
0.976800, 1.976305, 3.052834, 4.033896, 
0.976800, 1.976305, 3.052834, 4.033896, 
0.976800, 1.976305, 3.052834, 4.033896, 
0.976800, 1.976305, 3.052834, 4.033896, 
0.976800, 1.976305, 3.052834, 4.033896, 
0.995681, 1.941511, 3.060003, 4.017135, 
0.974360, 1.943708, 2.999517, 4.012677, 
0.981564, 1.942305, 3.036124, 4.012781, 
0.981564, 1.942305, 3.036124, 4.012781, 
0.987343, 1.912614, 2.980912, 4.005336, 
0.987343, 1.912614, 2.980912, 4.005336, 
0.987343, 1.912614, 2.980912, 4.005336, 
0.965874, 1.925209, 2.941970, 4.011322, 
0.965874, 1.925209, 2.941970, 4.011322, 
0.939510, 1.923312, 2.974974, 4.008588, 
0.939510, 1.923312, 2.974974, 4.008588, 
0.939510, 1.923312, 2.974974, 4.008588, 
0.939510, 1.923312, 2.974974, 4.008588, 
0.939510, 1.923312, 2.974974, 4.008588, 
0.939510, 1.923312, 2.974974, 4.008588, 
0.939510, 1.923312, 2.974974, 4.008588, 
0.939510, 1.923312, 2.974974, 4.008588, 
0.939510, 1.923312, 2.974974, 4.008588, 
0.939510, 1.923312, 2.974974, 4.008588, 
0.939510, 1.923312, 2.974974, 4.008588, 
0.939510, 1.923312, 2.974974, 4.008588, 
0.939510, 1.923312, 2.974974, 4.008588, 
0.921056, 1.928372, 2.989781, 4.007047, 
0.941593, 1.912653, 2.985911, 3.981736, 
0.941593, 1.912653, 2.985911, 3.981736, 
0.916393, 1.920149, 3.026841, 3.995598, 
0.916393, 1.920149, 3.026841, 3.995598, 
0.918100, 1.943074, 3.040759, 4.025194, 
0.918100, 1.943074, 3.040759, 4.025194, 
0.918100, 1.943074, 3.040759, 4.025194, 
0.918100, 1.943074, 3.040759, 4.025194, 
0.917432, 1.926403, 3.011369, 4.026025, 
0.917432, 1.926403, 3.011369, 4.026025, 
0.918242, 1.907196, 2.969727, 4.047738, 
0.918242, 1.907196, 2.969727, 4.047738, 
0.918242, 1.907196, 2.969727, 4.047738, 
0.918242, 1.907196, 2.969727, 4.047738, 
0.918242, 1.907196, 2.969727, 4.047738, 
0.918242, 1.907196, 2.969727, 4.047738, 
0.947428, 1.911537, 2.972215, 4.089481, 
0.965228, 1.908138, 2.987939, 4.130161, 
0.965228, 1.908138, 2.987939, 4.130161, 
1.023090, 1.899001, 2.938968, 4.115647, 
0.984986, 1.902615, 2.920943, 4.131345, 
0.987352, 1.863780, 2.943044, 4.128609, 
0.987352, 1.863780, 2.943044, 4.128609, 
0.987352, 1.863780, 2.943044, 4.128609, 
0.987352, 1.863780, 2.943044, 4.128609, 
0.987352, 1.863780, 2.943044, 4.128609, 
0.987352, 1.863780, 2.943044, 4.128609, 
0.987352, 1.863780, 2.943044, 4.128609, 
0.999236, 1.892673, 2.966028, 4.113505, 
0.999236, 1.892673, 2.966028, 4.113505, 
0.972189, 1.955236, 2.982483, 4.108805, 
0.962191, 1.954996, 2.991712, 4.064216, 
0.962191, 1.954996, 2.991712, 4.064216, 
0.962191, 1.954996, 2.991712, 4.064216, 
0.962191, 1.954996, 2.991712, 4.064216, 
0.962191, 1.954996, 2.991712, 4.064216, 
0.962191, 1.954996, 2.991712, 4.064216, 
0.991922, 1.919773, 3.023368, 4.087057, 
0.991922, 1.919773, 3.023368, 4.087057, 
1.020726, 1.951651, 3.019317, 4.079823, 
1.015973, 1.941321, 2.993205, 4.044061, 
1.015973, 1.941321, 2.993205, 4.044061, 
1.015973, 1.941321, 2.993205, 4.044061, 
1.022016, 1.946722, 3.010947, 4.063923, 
1.022016, 1.946722, 3.010947, 4.063923, 
1.022016, 1.946722, 3.010947, 4.063923, 
1.022016, 1.946722, 3.010947, 4.063923, 
1.022016, 1.946722, 3.010947, 4.063923, 
1.022016, 1.946722, 3.010947, 4.063923, 
1.022016, 1.946722, 3.010947, 4.063923, 
1.022016, 1.946722, 3.010947, 4.063923, 
1.022016, 1.946722, 3.010947, 4.063923, 
1.022016, 1.946722, 3.010947, 4.063923, 
1.022016, 1.946722, 3.010947, 4.063923, 
1.022016, 1.946722, 3.010947, 4.063923, 
1.021317, 1.948863, 2.996284, 4.074738, 
1.021317, 1.948863, 2.996284, 4.074738, 
1.013304, 1.918717, 2.962639, 4.055086, 
1.013304, 1.918717, 2.962639, 4.055086, 
1.013304, 1.918717, 2.962639, 4.055086, 
1.013304, 1.918717, 2.962639, 4.055086, 
1.028233, 1.884527, 2.989718, 4.048837, 
1.056810, 1.907985, 3.009586, 4.051000, 
1.056810, 1.907985, 3.009586, 4.051000, 
1.056810, 1.907985, 3.009586, 4.051000, 
1.056810, 1.907985, 3.009586, 4.051000, 
1.056810, 1.907985, 3.009586, 4.051000, 
1.056810, 1.907985, 3.009586, 4.051000, 
1.056810, 1.907985, 3.009586, 4.051000, 
1.056810, 1.907985, 3.009586, 4.051000, 
1.056810, 1.907985, 3.009586, 4.051000, 
1.056810, 1.907985, 3.009586, 4.051000, 
1.032451, 1.912448, 3.033587, 4.067400, 
1.032451, 1.912448, 3.033587, 4.067400, 
0.985670, 1.890898, 3.056351, 4.068820, 
0.985670, 1.890898, 3.056351, 4.068820, 
0.989124, 1.910376, 3.055576, 4.053049, 
0.989124, 1.910376, 3.055576, 4.053049, 
1.020971, 1.898282, 3.015652, 4.019865, 
1.006900, 1.929311, 3.063726, 4.023073, 
0.970928, 1.977904, 3.041407, 3.999891, 
0.970928, 1.977904, 3.041407, 3.999891, 
0.970928, 1.977904, 3.041407, 3.999891, 
0.970928, 1.977904, 3.041407, 3.999891, 
0.991795, 1.970517, 3.077029, 4.023091, 
0.991795, 1.970517, 3.077029, 4.023091, 
0.991795, 1.970517, 3.077029, 4.023091, 
0.991795, 1.970517, 3.077029, 4.023091, 
0.991795, 1.970517, 3.077029, 4.023091, 
0.991795, 1.970517, 3.077029, 4.023091, 
0.979895, 1.911633, 3.004466, 3.984747, 
0.979895, 1.911633, 3.004466, 3.984747, 
0.979895, 1.911633, 3.004466, 3.984747, 
0.979895, 1.911633, 3.004466, 3.984747, 
0.979895, 1.911633, 3.004466, 3.984747, 
1.001910, 1.894865, 3.028275, 4.023860, 
0.989771, 1.905570, 2.998949, 4.004983, 
0.985493, 1.920769, 2.987686, 4.005716, 
0.959215, 1.935793, 2.995461, 4.003143, 
1.005112, 1.944739, 3.021345, 4.038813, 
1.005112, 1.944739, 3.021345, 4.038813, 
1.005112, 1.944739, 3.021345, 4.038813, 
1.005112, 1.944739, 3.021345, 4.038813, 
1.005112, 1.944739, 3.021345, 4.038813, 
1.005112, 1.944739, 3.021345, 4.038813, 
1.005112, 1.944739, 3.021345, 4.038813, 
1.005112, 1.944739, 3.021345, 4.038813, 
1.005112, 1.944739, 3.021345, 4.038813, 
1.018734, 1.932611, 2.984225, 4.064624, 
1.018734, 1.932611, 2.984225, 4.064624, 
0.999781, 1.940976, 2.981007, 4.029527, 
0.999781, 1.940976, 2.981007, 4.029527, 
0.996752, 1.955968, 2.993223, 4.068420, 
0.996752, 1.955968, 2.993223, 4.068420, 
0.990549, 1.944366, 3.015548, 4.034115, 
0.990549, 1.944366, 3.015548, 4.034115, 
0.990549, 1.944366, 3.015548, 4.034115, 
0.990549, 1.944366, 3.015548, 4.034115, 
0.951386, 1.935052, 3.035487, 4.069699, 
0.951386, 1.935052, 3.035487, 4.069699, 
0.951386, 1.935052, 3.035487, 4.069699, 
0.951386, 1.935052, 3.035487, 4.069699, 
0.921755, 1.937366, 3.026175, 4.038029, 
0.921755, 1.937366, 3.026175, 4.038029, 
0.921755, 1.937366, 3.026175, 4.038029, 
0.921755, 1.937366, 3.026175, 4.038029, 
0.921755, 1.937366, 3.026175, 4.038029, 
0.921755, 1.937366, 3.026175, 4.038029, 
0.921755, 1.937366, 3.026175, 4.038029, 
0.916333, 1.926187, 3.012153, 4.041177, 
0.916333, 1.926187, 3.012153, 4.041177, 
0.916333, 1.926187, 3.012153, 4.041177, 
0.959811, 1.900084, 2.997928, 4.002122, 
0.959811, 1.900084, 2.997928, 4.002122, 
0.959811, 1.900084, 2.997928, 4.002122, 
0.959811, 1.900084, 2.997928, 4.002122, 
0.959811, 1.900084, 2.997928, 4.002122, 
0.988995, 1.897188, 2.995745, 4.016958, 
0.988995, 1.897188, 2.995745, 4.016958, 
0.979770, 1.919644, 2.975465, 4.084485, 
0.979770, 1.919644, 2.975465, 4.084485, 
0.979770, 1.919644, 2.975465, 4.084485, 
0.979770, 1.919644, 2.975465, 4.084485, 
0.979770, 1.919644, 2.975465, 4.084485, 
0.979770, 1.919644, 2.975465, 4.084485, 
0.979770, 1.919644, 2.975465, 4.084485, 
0.979770, 1.919644, 2.975465, 4.084485, 
1.006386, 1.928225, 3.057683, 4.009457, 
1.006386, 1.928225, 3.057683, 4.009457, 
1.006644, 1.906624, 2.971618, 4.046314, 
1.006644, 1.906624, 2.971618, 4.046314, 
1.006644, 1.906624, 2.971618, 4.046314, 
1.006644, 1.906624, 2.971618, 4.046314, 
0.976951, 1.908210, 2.950397, 4.068908, 
0.976951, 1.908210, 2.950397, 4.068908, 
1.013976, 1.919354, 3.001095, 4.036982, 
1.013976, 1.919354, 3.001095, 4.036982, 
1.013976, 1.919354, 3.001095, 4.036982, 
1.013976, 1.919354, 3.001095, 4.036982, 
1.013976, 1.919354, 3.001095, 4.036982, 
1.013976, 1.919354, 3.001095, 4.036982, 
1.000177, 1.939908, 3.027799, 4.028230, 
1.000177, 1.939908, 3.027799, 4.028230, 
1.000177, 1.939908, 3.027799, 4.028230, 
1.000177, 1.939908, 3.027799, 4.028230, 
1.000177, 1.939908, 3.027799, 4.028230, 
1.000177, 1.939908, 3.027799, 4.028230, 
0.996206, 1.935457, 3.018051, 4.113215, 
1.027677, 1.969290, 3.032465, 4.090582, 
1.027677, 1.969290, 3.032465, 4.090582, 
0.996084, 1.950837, 3.019858, 4.123855, 
0.996084, 1.950837, 3.019858, 4.123855, 
0.996084, 1.950837, 3.019858, 4.123855, 
0.996084, 1.950837, 3.019858, 4.123855, 
0.996084, 1.950837, 3.019858, 4.123855, 
0.996084, 1.950837, 3.019858, 4.123855, 
0.996084, 1.950837, 3.019858, 4.123855, 
0.996084, 1.950837, 3.019858, 4.123855, 
0.950449, 1.982129, 3.055310, 4.061406, 
0.950449, 1.982129, 3.055310, 4.061406, 
0.971173, 1.951943, 3.091238, 4.069430, 
0.971173, 1.951943, 3.091238, 4.069430, 
0.965652, 1.892947, 3.009017, 4.099025, 
0.965652, 1.892947, 3.009017, 4.099025, 
0.960425, 1.922256, 3.029026, 4.100535, 
0.960425, 1.922256, 3.029026, 4.100535, 
0.951573, 1.959757, 3.044529, 4.075508, 
0.951573, 1.959757, 3.044529, 4.075508, 
0.951573, 1.959757, 3.044529, 4.075508, 
0.951573, 1.959757, 3.044529, 4.075508, 
1.017589, 1.930102, 3.002397, 4.072012, 
1.017589, 1.930102, 3.002397, 4.072012, 
1.017589, 1.930102, 3.002397, 4.072012, 
1.017589, 1.930102, 3.002397, 4.072012, 
0.992237, 1.935511, 3.006909, 4.053806, 
1.041042, 1.897910, 2.980174, 4.081462, 
1.041042, 1.897910, 2.980174, 4.081462, 
1.041042, 1.897910, 2.980174, 4.081462, 
1.031558, 1.899651, 2.980263, 4.069598, 
1.031558, 1.899651, 2.980263, 4.069598, 
1.031558, 1.899651, 2.980263, 4.069598, 
1.031558, 1.899651, 2.980263, 4.069598, 
1.031558, 1.899651, 2.980263, 4.069598, 
1.031558, 1.899651, 2.980263, 4.069598, 
1.031558, 1.899651, 2.980263, 4.069598, 
1.031558, 1.899651, 2.980263, 4.069598, 
1.022111, 1.886575, 2.963017, 4.080004, 
1.068629, 1.902808, 2.998312, 4.094991, 
1.068629, 1.902808, 2.998312, 4.094991, 
1.068629, 1.902808, 2.998312, 4.094991, 
1.077190, 1.911464, 3.008134, 4.082872, 
1.077190, 1.911464, 3.008134, 4.082872, 
1.077190, 1.911464, 3.008134, 4.082872, 
1.077190, 1.911464, 3.008134, 4.082872, 
1.075618, 1.951887, 2.995878, 4.073782, 
1.075618, 1.951887, 2.995878, 4.073782, 
1.075618, 1.951887, 2.995878, 4.073782, 
1.075618, 1.951887, 2.995878, 4.073782, 
1.075618, 1.951887, 2.995878, 4.073782, 
1.054843, 1.942922, 3.008806, 4.088548, 
1.054843, 1.942922, 3.008806, 4.088548, 
1.019891, 1.968084, 3.013991, 4.101054, 
1.019891, 1.968084, 3.013991, 4.101054, 
1.027549, 1.940022, 2.989751, 4.084282, 
1.010764, 1.921341, 2.953302, 4.073414, 
1.010764, 1.921341, 2.953302, 4.073414, 
0.989115, 1.930288, 2.973698, 4.081766, 
0.989046, 1.936745, 2.971863, 4.077892, 
0.989046, 1.936745, 2.971863, 4.077892, 
0.998120, 1.956608, 2.972717, 4.053295, 
1.005165, 1.986498, 2.968201, 4.056318, 
0.993181, 1.989582, 2.974073, 4.059673, 
1.037525, 1.980003, 2.992345, 4.044621, 
1.034675, 2.000371, 3.020123, 4.045628, 
1.034675, 2.000371, 3.020123, 4.045628, 
1.017801, 1.957024, 3.039964, 4.043324, 
1.017801, 1.957024, 3.039964, 4.043324, 
1.026569, 1.972368, 3.009223, 4.041147, 
1.026569, 1.972368, 3.009223, 4.041147, 
0.984907, 1.972393, 3.014715, 4.025891, 
0.984907, 1.972393, 3.014715, 4.025891, 
0.984907, 1.972393, 3.014715, 4.025891, 
0.984907, 1.972393, 3.014715, 4.025891, 
0.984907, 1.972393, 3.014715, 4.025891, 
0.984907, 1.972393, 3.014715, 4.025891, 
0.984907, 1.972393, 3.014715, 4.025891, 
0.984907, 1.972393, 3.014715, 4.025891, 
0.984907, 1.972393, 3.014715, 4.025891, 
0.984907, 1.972393, 3.014715, 4.025891, 
0.984907, 1.972393, 3.014715, 4.025891, 
0.984907, 1.972393, 3.014715, 4.025891, 
0.984907, 1.972393, 3.014715, 4.025891, 
0.984907, 1.972393, 3.014715, 4.025891, 
0.984907, 1.972393, 3.014715, 4.025891, 
0.984539, 1.990594, 3.043442, 4.041794, 
0.984539, 1.990594, 3.043442, 4.041794, 
0.984539, 1.990594, 3.043442, 4.041794, 
0.984539, 1.990594, 3.043442, 4.041794, 
0.984539, 1.990594, 3.043442, 4.041794, 
0.984539, 1.990594, 3.043442, 4.041794, 
0.983401, 1.990574, 3.033014, 4.049253, 
0.986159, 1.986573, 3.072426, 4.080615, 
1.002269, 1.969063, 3.043555, 4.101853, 
0.998358, 1.964776, 3.041230, 4.128287, 
0.998358, 1.964776, 3.041230, 4.128287, 
0.998358, 1.964776, 3.041230, 4.128287, 
0.998358, 1.964776, 3.041230, 4.128287, 
0.998358, 1.964776, 3.041230, 4.128287, 
0.998358, 1.964776, 3.041230, 4.128287, 
0.998358, 1.964776, 3.041230, 4.128287, 
0.998358, 1.964776, 3.041230, 4.128287, 
0.998358, 1.964776, 3.041230, 4.128287, 
0.998358, 1.964776, 3.041230, 4.128287, 
0.998358, 1.964776, 3.041230, 4.128287, 
0.998358, 1.964776, 3.041230, 4.128287, 
1.025329, 1.966668, 2.995865, 4.099978, 
1.025329, 1.966668, 2.995865, 4.099978, 
1.025329, 1.966668, 2.995865, 4.099978, 
1.019847, 1.954262, 2.992185, 4.109396, 
1.019847, 1.954262, 2.992185, 4.109396, 
0.989279, 1.983084, 2.994712, 4.075179, 
0.989279, 1.983084, 2.994712, 4.075179, 
0.989279, 1.983084, 2.994712, 4.075179, 
0.989279, 1.983084, 2.994712, 4.075179, 
0.970223, 1.950398, 3.007761, 4.061182, 
0.970223, 1.950398, 3.007761, 4.061182, 
0.970223, 1.950398, 3.007761, 4.061182, 
0.970223, 1.950398, 3.007761, 4.061182, 
0.970223, 1.950398, 3.007761, 4.061182, 
0.970223, 1.950398, 3.007761, 4.061182, 
0.970223, 1.950398, 3.007761, 4.061182, 
0.970223, 1.950398, 3.007761, 4.061182, 
0.970223, 1.950398, 3.007761, 4.061182, 
0.978916, 1.963662, 2.957585, 4.074960, 
0.937050, 1.960174, 3.003739, 4.071045, 
0.937050, 1.960174, 3.003739, 4.071045, 
0.937050, 1.960174, 3.003739, 4.071045, 
0.909477, 1.959404, 3.025003, 4.073657, 
0.909477, 1.959404, 3.025003, 4.073657, 
0.956726, 1.976650, 3.025172, 4.093939, 
0.990830, 1.952805, 2.999907, 4.039254, 
0.990830, 1.952805, 2.999907, 4.039254, 
0.990830, 1.952805, 2.999907, 4.039254, 
0.990830, 1.952805, 2.999907, 4.039254, 
0.914050, 1.944892, 2.998022, 4.045512, 
0.914050, 1.944892, 2.998022, 4.045512, 
