92111.403720, 
70459.899299, 
69922.736947, 
69922.736947, 
67931.969152, 
66267.393914, 
64454.334043, 
63241.535866, 
63241.535866, 
42758.219091, 
42758.219091, 
42758.219091, 
42758.219091, 
42758.219091, 
42758.219091, 
42758.219091, 
42758.219091, 
42758.219091, 
27823.183627, 
27823.183627, 
27823.183627, 
27823.183627, 
27694.297217, 
27694.297217, 
27694.297217, 
27694.297217, 
27694.297217, 
27694.297217, 
27694.297217, 
27694.297217, 
27694.297217, 
27694.297217, 
27694.297217, 
19643.029626, 
19643.029626, 
19643.029626, 
19643.029626, 
19643.029626, 
19643.029626, 
19643.029626, 
19643.029626, 
19643.029626, 
19643.029626, 
19643.029626, 
19643.029626, 
19643.029626, 
19643.029626, 
19643.029626, 
19643.029626, 
19643.029626, 
19643.029626, 
15605.745242, 
15605.745242, 
15605.745242, 
15605.745242, 
11914.232844, 
11664.014527, 
11664.014527, 
11664.014527, 
11664.014527, 
11664.014527, 
11251.014071, 
10942.755519, 
10942.755519, 
10002.716133, 
9460.570167, 
8327.007318, 
8327.007318, 
8113.486869, 
7851.610983, 
7594.583942, 
6938.407152, 
6938.407152, 
6938.407152, 
6629.785386, 
6629.785386, 
6606.600649, 
6446.357701, 
6035.794255, 
5825.743800, 
5775.281764, 
5598.601327, 
5444.095170, 
5305.169510, 
5305.169510, 
5305.169510, 
5121.203105, 
5110.333592, 
4719.617357, 
4712.170487, 
4674.380564, 
4511.998706, 
3913.102074, 
3913.102074, 
3878.544089, 
3810.472123, 
3601.183889, 
3601.183889, 
3407.098463, 
3407.098463, 
3407.098463, 
3407.098463, 
3407.098463, 
3377.380209, 
3378.683214, 
3241.681518, 
3241.681518, 
3241.681518, 
3246.382904, 
3078.542255, 
3078.542255, 
3078.542255, 
3078.542255, 
3078.542255, 
3078.542255, 
3060.106822, 
3060.106822, 
2993.856538, 
2993.856538, 
2993.856538, 
2993.856538, 
2993.856538, 
2993.856538, 
2993.856538, 
2993.856538, 
2966.544716, 
2966.544716, 
2966.544716, 
2957.088790, 
2957.088790, 
2957.088790, 
2957.088790, 
2957.088790, 
2957.088790, 
2880.244048, 
2880.244048, 
2860.791858, 
2860.791858, 
2860.791858, 
2860.791858, 
2860.791858, 
2860.791858, 
2860.791858, 
2860.791858, 
2860.791858, 
2838.744683, 
2838.744683, 
2838.744683, 
2838.744683, 
2838.796244, 
2838.796244, 
2838.796244, 
2838.796244, 
2838.796244, 
2838.796244, 
2838.796244, 
2838.796244, 
2838.796244, 
2837.518265, 
2834.738491, 
2834.738491, 
2834.738491, 
2834.738491, 
2833.992745, 
2833.992745, 
2833.992745, 
2833.992745, 
2833.992745, 
2833.992745, 
2833.992745, 
2833.992745, 
2833.992745, 
2836.488151, 
2836.488151, 
2836.488151, 
2836.488151, 
2836.488151, 
2836.488151, 
2836.488151, 
2839.632935, 
2839.632935, 
2840.125075, 
2840.125075, 
2835.130064, 
2835.130064, 
2835.130064, 
2835.130064, 
2837.529533, 
2837.529533, 
2837.529533, 
2837.529533, 
2837.529533, 
2837.529533, 
2834.376148, 
2834.683570, 
2834.683570, 
2834.683570, 
2834.054267, 
2834.054267, 
2834.054267, 
2832.492564, 
2832.492564, 
2832.492564, 
2832.492564, 
2832.492564, 
2832.492564, 
2835.354349, 
2835.524290, 
2839.853438, 
2839.853438, 
2839.853438, 
2835.483232, 
2834.038502, 
2834.038502, 
2834.038502, 
2837.177076, 
2834.793650, 
2833.576931, 
2833.576931, 
2833.576931, 
2833.576931, 
2833.576931, 
2833.348997, 
2833.348997, 
2832.636561, 
2832.198821, 
2832.198821, 
2832.198821, 
2832.198821, 
2832.634158, 
2832.634158, 
2832.634158, 
2832.634158, 
2832.634158, 
2832.634158, 
2832.634158, 
2832.634158, 
2832.634158, 
2832.634158, 
2832.634158, 
2832.634158, 
2832.634158, 
2833.335566, 
2833.335566, 
2833.335566, 
2833.335566, 
2833.335566, 
2833.716200, 
2833.716200, 
2833.825639, 
2833.825639, 
2833.825639, 
2838.254615, 
2838.254615, 
2838.254615, 
2837.400457, 
2836.621508, 
2835.009653, 
2835.009653, 
2834.788249, 
2834.788249, 
2834.788249, 
2834.788249, 
2834.788249, 
2834.788249, 
2834.788249, 
2834.788249, 
2834.788249, 
2837.924759, 
2836.784708, 
2836.784708, 
2833.022227, 
2833.022227, 
2833.022227, 
2833.022227, 
2833.022227, 
2833.022227, 
2833.022227, 
2833.022227, 
2833.022227, 
2832.619518, 
2836.244571, 
2836.244571, 
2836.244571, 
2836.244571, 
2836.244571, 
2836.244571, 
2834.572508, 
2832.730516, 
2832.730516, 
2833.395749, 
2833.395749, 
2833.395749, 
2833.123605, 
2833.123605, 
2833.123605, 
2833.123605, 
2833.123605, 
2835.045081, 
2835.045081, 
2840.247559, 
2841.713147, 
2841.713147, 
2841.713147, 
2841.713147, 
2841.713147, 
2841.713147, 
2841.713147, 
2841.713147, 
2841.713147, 
2842.671838, 
2842.671838, 
2841.966708, 
2841.966708, 
2841.966708, 
2841.966708, 
2841.966708, 
2841.966708, 
2841.966708, 
2835.015821, 
2835.015821, 
2835.015821, 
2835.015821, 
2835.015821, 
2835.015821, 
2835.015821, 
2835.015821, 
2835.015821, 
2835.015821, 
2835.033359, 
2835.387759, 
2835.387759, 
2835.387759, 
2835.387759, 
2834.143519, 
2834.143519, 
2834.336789, 
2838.364299, 
2838.364299, 
2838.364299, 
2838.364299, 
2838.364299, 
2838.364299, 
2840.011321, 
2840.011321, 
2841.898353, 
2839.928415, 
2839.928415, 
2839.928415, 
2839.928415, 
2837.238490, 
2837.238490, 
2837.238490, 
2837.238490, 
2837.238490, 
2837.238490, 
2837.238490, 
2837.238490, 
2840.776918, 
2840.776918, 
2838.430559, 
2836.373246, 
2839.430495, 
2839.587682, 
2837.969630, 
2837.969630, 
2837.969630, 
2837.969630, 
2837.969630, 
2835.011821, 
2835.011821, 
2833.959668, 
2838.524145, 
2834.399165, 
2833.305599, 
2833.305599, 
2833.305599, 
2834.307862, 
2834.307862, 
2834.355133, 
2835.311928, 
2835.311928, 
2835.311928, 
2834.732842, 
2836.268888, 
2840.807235, 
2840.076765, 
2840.076765, 
2840.076765, 
2838.156200, 
2838.156200, 
2837.732984, 
2837.732984, 
2837.732984, 
2837.732984, 
2837.732984, 
2837.732984, 
2839.413181, 
2839.413181, 
2838.237967, 
2838.237967, 
2838.237967, 
2838.237967, 
2838.237967, 
2838.237967, 
2838.237967, 
2833.610326, 
2833.610326, 
2833.607249, 
2833.607249, 
2833.972765, 
2833.972765, 
2833.972765, 
2834.323724, 
2834.547149, 
2834.547149, 
2834.547149, 
2834.547149, 
2832.387998, 
2832.387998, 
2832.387998, 
2832.387998, 
2832.387998, 
2832.387998, 
2832.387998, 
2832.387998, 
2832.387998, 
2832.387998, 
2836.949556, 
2841.052010, 
2836.652155, 
2836.652155, 
2836.652155, 
2836.652155, 
2836.652155, 
2836.652155, 
2838.693315, 
2838.693315, 
2837.138960, 
2837.138960, 
2837.138960, 
2837.138960, 
2837.138960, 
2837.138960, 
2837.138960, 
2835.084673, 
2834.842592, 
2835.816611, 
2835.816611, 
2836.692205, 
2834.579651, 
2834.579651, 
2834.579651, 
2834.579651, 
2834.579651, 
2834.579651, 
2834.579651, 
2834.579651, 
2838.172849, 
2838.172849, 
2838.172849, 
2838.172849, 
2836.806126, 
2836.806126, 
2836.806126, 
2836.806126, 
2836.806126, 
2836.806126, 
2836.806126, 
2836.806126, 
2834.135521, 
2834.135521, 
2834.135521, 
2834.135521, 
2834.135521, 
2834.135521, 
2834.878985, 
2834.878985, 
2834.878985, 
2834.878985, 
2834.878985, 
2835.572171, 
2833.852930, 
2834.045779, 
2834.045779, 
2834.045779, 
2834.045779, 
2834.071263, 
2834.071263, 
2834.071263, 
2834.071263, 
2834.071263, 
2834.071263, 
2834.071263, 
2834.071263, 
2834.071263, 
2834.071263, 
2834.071263, 
2833.057115, 
2833.057115, 
2833.057115, 
2833.057115, 
2833.057115, 
2833.057115, 
2832.953111, 
2832.953111, 
2834.456328, 
2835.956703, 
2835.956703, 
2835.956703, 
2834.380947, 
2836.573435, 
2835.194021, 
2835.194021, 
2835.705197, 
2834.212860, 
2834.212860, 
2834.212860, 
2838.154179, 
2838.154179, 
2838.154179, 
2838.473534, 
2844.660303, 
2845.633622, 
2845.633622, 
2844.589557, 
2844.589557, 
2844.589557, 
2840.756165, 
2841.189703, 
2841.189703, 
2841.189703, 
2841.189703, 
2842.902868, 
2842.902868, 
2838.870924, 
2838.870924, 
2838.823376, 
2838.823376, 
2838.823376, 
2838.823376, 
2833.934389, 
2833.934389, 
2833.934389, 
2833.934389, 
2833.934389, 
2833.934389, 
2833.934389, 
2833.934389, 
2833.934389, 
2833.934389, 
2833.973916, 
2833.973916, 
2833.973916, 
2833.721340, 
2833.721340, 
2833.721340, 
2833.721340, 
2833.721340, 
2833.721340, 
2833.721340, 
2833.721340, 
2833.721340, 
2833.721340, 
2833.721340, 
2837.007337, 
2834.864707, 
2835.028803, 
2835.028803, 
2835.028803, 
2835.028803, 
2835.803733, 
2836.740636, 
2838.001339, 
2838.001339, 
2837.750591, 
2836.165000, 
2836.165000, 
2835.959194, 
2835.959194, 
2833.828113, 
2833.828113, 
2833.828113, 
2834.771817, 
2834.771817, 
2834.771817, 
2834.771817, 
2834.771817, 
2834.375964, 
2833.166442, 
2833.166442, 
2833.166442, 
2833.166442, 
2833.166442, 
2833.166442, 
2833.166442, 
2832.878927, 
2832.878927, 
2832.878927, 
2832.594374, 
2832.594374, 
2832.594374, 
2832.594374, 
2832.594374, 
2832.594374, 
2832.594374, 
2832.594374, 
2832.594374, 
2832.594374, 
2832.594374, 
2832.594374, 
2832.594374, 
2832.594374, 
2832.594374, 
2834.257610, 
2834.257610, 
2834.257610, 
2834.257610, 
2839.173533, 
2839.863247, 
2839.863247, 
2839.863247, 
2839.987831, 
2839.987831, 
2839.987831, 
2839.987831, 
2837.058218, 
2837.058218, 
2837.058218, 
2837.058218, 
2837.058218, 
2836.293103, 
2834.339100, 
2833.510806, 
2836.632516, 
2836.632516, 
2836.632516, 
2836.632516, 
2836.632516, 
2832.856345, 
2834.108581, 
2834.436434, 
2833.056167, 
2833.056167, 
2833.056167, 
2833.056167, 
2833.056167, 
2833.056167, 
2833.056167, 
2832.480791, 
2832.480791, 
2832.480791, 
2832.480791, 
2834.986120, 
2834.986120, 
2833.399997, 
2833.399997, 
2833.399997, 
2833.399997, 
2833.975898, 
2833.975898, 
2834.485048, 
2834.485048, 
2834.485048, 
2834.582371, 
2834.582371, 
2834.582371, 
2834.582371, 
2834.582371, 
2834.582371, 
2834.582371, 
2835.117068, 
2833.697343, 
2833.763284, 
2833.763284, 
2836.199243, 
2836.199243, 
2836.199243, 
2839.587568, 
2839.587568, 
2837.796603, 
2837.796603, 
2837.796603, 
2837.796603, 
2837.796603, 
2837.796603, 
2837.796603, 
2837.796603, 
2837.796603, 
2837.796603, 
2837.796603, 
2837.796603, 
2837.796603, 
2838.756493, 
2840.442861, 
2840.442861, 
2840.315566, 
2840.315566, 
2837.557333, 
2837.557333, 
2837.557333, 
2837.557333, 
2837.318784, 
2837.318784, 
2839.729241, 
2839.729241, 
2839.729241, 
2839.729241, 
2839.729241, 
2839.729241, 
2837.610083, 
2840.467726, 
2840.467726, 
2845.378223, 
2848.914210, 
2849.571375, 
2849.571375, 
2849.571375, 
2849.571375, 
2849.571375, 
2849.571375, 
2849.571375, 
2841.036920, 
2841.036920, 
2836.457582, 
2833.155986, 
2833.155986, 
2833.155986, 
2833.155986, 
2833.155986, 
2833.155986, 
2833.817871, 
2833.817871, 
2833.999853, 
2833.385733, 
2833.385733, 
2833.385733, 
2833.412632, 
2833.412632, 
2833.412632, 
2833.412632, 
2833.412632, 
2833.412632, 
2833.412632, 
2833.412632, 
2833.412632, 
2833.412632, 
2833.412632, 
2833.412632, 
2834.109547, 
2834.109547, 
2836.145458, 
2836.145458, 
2836.145458, 
2836.145458, 
2838.032887, 
2838.440172, 
2838.440172, 
2838.440172, 
2838.440172, 
2838.440172, 
2838.440172, 
2838.440172, 
2838.440172, 
2838.440172, 
2838.440172, 
2835.738726, 
2835.738726, 
2836.673270, 
2836.673270, 
2834.620877, 
2834.620877, 
2836.312934, 
2835.691333, 
2836.448527, 
2836.448527, 
2836.448527, 
2836.448527, 
2837.130909, 
2837.130909, 
2837.130909, 
2837.130909, 
2837.130909, 
2837.130909, 
2837.524178, 
2837.524178, 
2837.524178, 
2837.524178, 
2837.524178, 
2835.536136, 
2835.827139, 
2835.276849, 
2835.289581, 
2832.445885, 
2832.445885, 
2832.445885, 
2832.445885, 
2832.445885, 
2832.445885, 
2832.445885, 
2832.445885, 
2832.445885, 
2834.298063, 
2834.298063, 
2833.754135, 
2833.754135, 
2832.886820, 
2832.886820, 
2832.165220, 
2832.165220, 
2832.165220, 
2832.165220, 
2833.733105, 
2833.733105, 
2833.733105, 
2833.733105, 
2836.102708, 
2836.102708, 
2836.102708, 
2836.102708, 
2836.102708, 
2836.102708, 
2836.102708, 
2836.924611, 
2836.924611, 
2836.924611, 
2837.174803, 
2837.174803, 
2837.174803, 
2837.174803, 
2837.174803, 
2835.689470, 
2835.689470, 
2835.164677, 
2835.164677, 
2835.164677, 
2835.164677, 
2835.164677, 
2835.164677, 
2835.164677, 
2835.164677, 
2836.119385, 
2836.119385, 
2835.724095, 
2835.724095, 
2835.724095, 
2835.724095, 
2837.759576, 
2837.759576, 
2833.758338, 
2833.758338, 
2833.758338, 
2833.758338, 
2833.758338, 
2833.758338, 
2832.786811, 
2832.786811, 
2832.786811, 
2832.786811, 
2832.786811, 
2832.786811, 
2835.851868, 
2836.104548, 
2836.104548, 
2837.239663, 
2837.239663, 
2837.239663, 
2837.239663, 
2837.239663, 
2837.239663, 
2837.239663, 
2837.239663, 
2836.057338, 
2836.057338, 
2838.093126, 
2838.093126, 
2837.145878, 
2837.145878, 
2835.480073, 
2835.480073, 
2834.542280, 
2834.542280, 
2834.542280, 
2834.542280, 
2833.725167, 
2833.725167, 
2833.725167, 
2833.725167, 
2832.047962, 
2839.359122, 
2839.359122, 
2839.359122, 
2837.641156, 
2837.641156, 
2837.641156, 
2837.641156, 
2837.641156, 
2837.641156, 
2837.641156, 
2837.641156, 
2840.187983, 
2842.844307, 
2842.844307, 
2842.844307, 
2842.560740, 
2842.560740, 
2842.560740, 
2842.560740, 
2841.068757, 
2841.068757, 
2841.068757, 
2841.068757, 
2841.068757, 
2838.194388, 
2838.194388, 
2836.078883, 
2836.078883, 
2835.439962, 
2837.416831, 
2837.416831, 
2834.718627, 
2834.512237, 
2834.512237, 
2833.994417, 
2836.271560, 
2835.707322, 
2836.478094, 
2837.505258, 
2837.505258, 
2833.750051, 
2833.750051, 
2834.514095, 
2834.514095, 
2833.252901, 
2833.252901, 
2833.252901, 
2833.252901, 
2833.252901, 
2833.252901, 
2833.252901, 
2833.252901, 
2833.252901, 
2833.252901, 
2833.252901, 
2833.252901, 
2833.252901, 
2833.252901, 
2833.252901, 
2834.804268, 
2834.804268, 
2834.804268, 
2834.804268, 
2834.804268, 
2834.804268, 
2834.241351, 
2837.655960, 
2836.046066, 
2838.963630, 
2838.963630, 
2838.963630, 
2838.963630, 
2838.963630, 
2838.963630, 
2838.963630, 
2838.963630, 
2838.963630, 
2838.963630, 
2838.963630, 
2838.963630, 
2836.710933, 
2836.710933, 
2836.710933, 
2837.059911, 
2837.059911, 
2834.316449, 
2834.316449, 
2834.316449, 
2834.316449, 
2832.212398, 
2832.212398, 
2832.212398, 
2832.212398, 
2832.212398, 
2832.212398, 
2832.212398, 
2832.212398, 
2832.212398, 
2836.127367, 
2834.830721, 
2834.830721, 
2834.830721, 
2838.238233, 
2838.238233, 
2835.502048, 
2832.328139, 
2832.328139, 
2832.328139, 
2832.328139, 
2837.125321, 
2837.125321, 
