52152.832150, 
52152.832150, 
52152.832150, 
52152.832150, 
52152.832150, 
52152.832150, 
52152.832150, 
52152.832150, 
52152.832150, 
52152.832150, 
46490.619684, 
46490.619684, 
46490.619684, 
46490.619684, 
46490.619684, 
46490.619684, 
46490.619684, 
46490.619684, 
46490.619684, 
46490.619684, 
30365.249813, 
30365.249813, 
29633.065343, 
29633.065343, 
29633.065343, 
29633.065343, 
29633.065343, 
29633.065343, 
29633.065343, 
29633.065343, 
29633.065343, 
29633.065343, 
29633.065343, 
29633.065343, 
29633.065343, 
28791.716821, 
28791.716821, 
28791.716821, 
28198.094647, 
28198.094647, 
28198.094647, 
28198.094647, 
28198.094647, 
28087.316086, 
18007.990055, 
18007.990055, 
18007.990055, 
18007.990055, 
18007.990055, 
18007.990055, 
18007.990055, 
17653.474435, 
17653.474435, 
17653.474435, 
16577.453926, 
16577.453926, 
12374.873193, 
12374.873193, 
12374.873193, 
10593.911858, 
10593.911858, 
10593.911858, 
10454.149979, 
8958.132109, 
8648.930276, 
8339.900823, 
8293.293071, 
7538.695484, 
7538.695484, 
7477.367578, 
7149.161516, 
7149.161516, 
6768.867504, 
6569.969746, 
6569.969746, 
6569.969746, 
6569.969746, 
6456.992088, 
5909.104474, 
5890.425477, 
5890.425477, 
5676.172501, 
5423.532130, 
5423.532130, 
5246.745044, 
5246.745044, 
5073.332741, 
5073.332741, 
4712.784569, 
4608.342189, 
4608.342189, 
4608.342189, 
4608.342189, 
3974.359307, 
3870.961367, 
3847.843584, 
3645.079799, 
3645.079799, 
3645.079799, 
3645.079799, 
3480.707922, 
3480.707922, 
3480.707922, 
3480.707922, 
3480.707922, 
3308.983450, 
3308.983450, 
3308.983450, 
3274.032624, 
3240.060707, 
3240.060707, 
3240.060707, 
3240.060707, 
3240.060707, 
3087.127877, 
3087.127877, 
3087.127877, 
3087.127877, 
3068.326084, 
3016.528241, 
3016.528241, 
3016.528241, 
3016.528241, 
3016.528241, 
2931.966644, 
2932.080409, 
2932.080409, 
2932.080409, 
2932.080409, 
2932.080409, 
2932.080409, 
2932.080409, 
2906.608130, 
2906.608130, 
2906.608130, 
2906.608130, 
2863.912354, 
2863.912354, 
2863.912354, 
2863.912354, 
2863.912354, 
2866.729859, 
2866.729859, 
2846.253215, 
2846.253215, 
2842.092752, 
2842.092752, 
2842.824315, 
2842.824315, 
2842.824315, 
2842.824315, 
2842.824315, 
2842.824315, 
2842.824315, 
2842.824315, 
2844.582036, 
2844.105567, 
2844.105567, 
2844.105567, 
2844.105567, 
2844.105567, 
2848.277101, 
2841.516315, 
2841.516315, 
2841.516315, 
2833.954225, 
2833.954225, 
2833.954225, 
2833.954225, 
2834.350418, 
2834.350418, 
2831.993555, 
2831.993555, 
2836.910209, 
2836.018558, 
2836.018558, 
2836.018558, 
2836.018558, 
2836.018558, 
2833.932717, 
2835.413228, 
2835.413228, 
2834.821341, 
2834.821341, 
2835.123452, 
2834.817277, 
2834.817277, 
2834.817277, 
2834.817277, 
2834.817277, 
2834.817277, 
2834.817277, 
2833.994028, 
2833.994028, 
2833.994028, 
2833.994028, 
2833.994028, 
2833.994028, 
2833.994028, 
2833.994028, 
2833.994028, 
2832.925438, 
2832.925438, 
2832.925438, 
2832.925438, 
2832.749377, 
2832.749377, 
2837.959074, 
2837.959074, 
2839.914021, 
2839.914021, 
2839.914021, 
2839.914021, 
2839.914021, 
2838.669965, 
2837.227339, 
2837.227339, 
2834.214742, 
2834.214742, 
2835.283469, 
2835.283469, 
2835.283469, 
2833.595220, 
2833.595220, 
2832.656500, 
2832.656500, 
2833.908885, 
2833.908885, 
2834.690598, 
2834.690598, 
2834.690598, 
2835.358400, 
2835.358400, 
2838.259817, 
2838.259817, 
2838.259817, 
2844.153668, 
2844.153668, 
2844.153668, 
2844.153668, 
2844.153668, 
2844.153668, 
2840.188314, 
2840.188314, 
2837.449410, 
2837.449410, 
2837.449410, 
2837.417338, 
2836.488711, 
2836.488711, 
2836.488711, 
2833.800547, 
2834.864246, 
2837.328650, 
2835.147692, 
2833.061540, 
2834.437094, 
2834.437094, 
2834.437094, 
2834.865605, 
2833.934618, 
2833.934618, 
2835.689963, 
2835.689963, 
2835.270277, 
2835.270277, 
2834.569668, 
2838.591854, 
2838.591854, 
2842.155398, 
2840.639924, 
2846.183777, 
2839.229809, 
2839.229809, 
2839.229809, 
2839.229809, 
2839.229809, 
2835.277293, 
2833.162192, 
2833.162192, 
2833.162192, 
2833.162192, 
2833.162192, 
2833.162192, 
2833.162192, 
2833.162192, 
2833.162192, 
2833.896156, 
2836.942524, 
2836.942524, 
2836.942524, 
2834.908995, 
2834.908995, 
2834.908995, 
2834.908995, 
2834.908995, 
2834.908995, 
2834.908995, 
2834.908995, 
2834.908995, 
2835.177355, 
2835.177355, 
2835.177355, 
2840.155749, 
2841.303096, 
2840.553390, 
2840.553390, 
2838.762366, 
2838.762366, 
2838.762366, 
2835.240845, 
2833.616566, 
2833.616566, 
2833.616566, 
2833.616566, 
2833.616566, 
2833.616566, 
2833.616566, 
2833.616566, 
2833.616566, 
2833.616566, 
2838.501525, 
2834.468974, 
2834.468974, 
2834.468974, 
2833.392386, 
2833.392386, 
2833.392386, 
2833.392386, 
2833.392386, 
2833.392386, 
2838.392075, 
2838.392075, 
2838.392075, 
2838.392075, 
2838.392075, 
2837.147487, 
2837.147487, 
2841.067160, 
2841.067160, 
2841.067160, 
2841.189425, 
2840.129878, 
2842.429960, 
2842.429960, 
2842.429960, 
2842.429960, 
2842.429960, 
2842.429960, 
2842.429960, 
2837.063970, 
2837.063970, 
2834.166778, 
2834.166778, 
2834.166778, 
2834.166778, 
2837.792991, 
2837.792991, 
2837.792991, 
2837.792991, 
2837.792991, 
2837.792991, 
2832.437085, 
2832.437085, 
2835.085375, 
2835.085375, 
2835.085375, 
2835.085375, 
2836.442701, 
2836.442701, 
2835.397827, 
2835.397827, 
2835.018964, 
2835.018964, 
2835.018964, 
2835.018964, 
2835.018964, 
2835.093203, 
2835.732607, 
2835.732607, 
2835.732607, 
2835.732607, 
2835.732607, 
2835.732607, 
2835.732607, 
2835.732607, 
2835.732607, 
2835.687728, 
2835.687728, 
2835.687728, 
2835.687728, 
2836.168750, 
2836.168750, 
2836.168750, 
2832.840481, 
2832.840481, 
2832.511415, 
2832.511415, 
2832.511415, 
2832.511415, 
2833.545110, 
2832.523326, 
2832.523326, 
2832.523326, 
2832.847633, 
2832.042792, 
2832.042792, 
2832.187642, 
2832.187642, 
2835.009711, 
2835.009711, 
2835.009711, 
2832.996507, 
2832.996507, 
2832.996507, 
2832.996507, 
2832.375213, 
2832.375213, 
2832.375213, 
2832.375213, 
2832.489594, 
2832.489594, 
2833.754438, 
2833.754438, 
2833.754438, 
2833.754438, 
2833.754438, 
2833.754438, 
2834.904624, 
2836.704399, 
2836.704399, 
2834.104262, 
2834.104262, 
2832.504264, 
2832.504264, 
2832.504264, 
2832.504264, 
2832.504264, 
2832.504264, 
2832.504264, 
2832.504264, 
2832.504264, 
2833.867986, 
2835.233803, 
2838.670980, 
2838.670980, 
2837.578495, 
2836.809122, 
2836.809122, 
2836.809122, 
2836.638611, 
2836.638611, 
2836.638611, 
2836.638611, 
2834.152700, 
2834.074859, 
2837.908882, 
2835.776927, 
2835.994099, 
2841.126012, 
2843.838571, 
2843.408256, 
2840.144427, 
2840.494943, 
2840.494943, 
2840.494943, 
2840.494943, 
2840.494943, 
2840.494943, 
2840.494943, 
2838.790920, 
2838.790920, 
2836.841067, 
2836.841067, 
2836.841067, 
2836.841067, 
2836.841067, 
2834.575023, 
2834.575023, 
2834.575023, 
2834.575023, 
2832.597524, 
2833.983745, 
2833.983745, 
2833.983745, 
2834.057828, 
2834.057828, 
2832.629153, 
2832.629153, 
2833.009579, 
2833.009579, 
2833.009579, 
2833.009579, 
2833.009579, 
2833.009579, 
2834.318772, 
2834.318772, 
2839.039533, 
2839.039533, 
2839.039533, 
2839.039533, 
2836.354559, 
2836.354559, 
2836.354559, 
2836.354559, 
2836.354559, 
2835.264059, 
2835.264059, 
2835.264059, 
2835.264059, 
2835.264059, 
2835.264059, 
2835.264059, 
2835.264059, 
2835.264059, 
2834.002473, 
2834.002473, 
2836.939800, 
2836.939800, 
2836.939800, 
2836.939800, 
2840.821157, 
2840.821157, 
2840.821157, 
2843.105570, 
2840.948954, 
2840.948954, 
2840.948954, 
2840.948954, 
2840.948954, 
2840.948954, 
2840.948954, 
2840.948954, 
2840.856423, 
2839.384311, 
2839.384311, 
2843.319686, 
2843.319686, 
2843.319686, 
2842.921520, 
2842.921520, 
2842.921520, 
2842.921520, 
2842.921520, 
2842.921520, 
2836.076042, 
2833.944174, 
2833.944174, 
2833.944174, 
2833.944174, 
2834.475646, 
2834.475646, 
2834.475646, 
2834.475646, 
2834.348700, 
2834.348700, 
2834.348700, 
2834.348700, 
2836.488276, 
2836.488276, 
2836.488276, 
2835.451469, 
2834.405890, 
2834.405890, 
2836.681700, 
2836.728995, 
2837.467536, 
2839.555941, 
2832.498535, 
2832.498535, 
2832.498535, 
2832.498535, 
2832.498535, 
2832.498535, 
2832.498535, 
2832.498535, 
2832.498535, 
2832.498535, 
2832.498535, 
2832.498535, 
2832.498535, 
2832.498535, 
2832.128872, 
2832.128872, 
2833.243042, 
2833.243042, 
2833.243042, 
2833.243042, 
2833.243042, 
2833.243042, 
2833.756484, 
2833.756484, 
2834.097652, 
2833.894198, 
2833.894198, 
2834.171715, 
2833.923982, 
2833.527667, 
2833.527667, 
2833.527667, 
2833.527667, 
2833.527667, 
2833.527667, 
2832.423874, 
2832.423874, 
2832.423874, 
2832.423874, 
2832.423874, 
2832.423874, 
2832.423874, 
2832.423874, 
2833.245700, 
2833.245700, 
2833.245700, 
2833.245700, 
2833.446135, 
2833.446135, 
2833.446135, 
2833.446135, 
2836.929957, 
2836.929957, 
2836.929957, 
2836.929957, 
2836.221874, 
2836.221874, 
2836.221874, 
2836.221874, 
2835.948065, 
2835.948065, 
2835.948065, 
2835.542417, 
2835.542417, 
2835.542417, 
2835.542417, 
2834.801114, 
2834.801114, 
2835.650104, 
2835.650104, 
2835.650104, 
2833.112486, 
2834.978770, 
2834.978770, 
2834.978770, 
2834.978770, 
2834.978770, 
2834.779954, 
2834.779954, 
2834.060698, 
2834.060698, 
2834.060698, 
2836.202993, 
2834.226022, 
2834.226022, 
2834.226022, 
2834.226022, 
2834.211408, 
2836.364238, 
2836.360929, 
2836.360929, 
2836.939584, 
2836.939584, 
2836.285447, 
2836.285447, 
2836.285447, 
2836.285447, 
2836.285447, 
2836.285447, 
2836.285447, 
2836.285447, 
2836.537132, 
2840.923214, 
2841.023551, 
2840.286596, 
2840.286596, 
2840.286596, 
2840.286596, 
2840.096058, 
2840.096058, 
2839.517854, 
2839.972100, 
2842.132260, 
2842.132260, 
2846.220130, 
2846.220130, 
2846.220130, 
2846.220130, 
2846.220130, 
2846.220130, 
2846.220130, 
2846.220130, 
2842.555279, 
2842.555279, 
2842.555279, 
2841.834171, 
2841.834171, 
2841.517450, 
2837.937811, 
2837.937811, 
2836.640336, 
2836.703568, 
2836.703568, 
2836.703568, 
2836.703568, 
2836.703568, 
2836.703568, 
2835.387961, 
2835.387961, 
2835.387961, 
2835.387961, 
2834.403973, 
2836.628322, 
2836.628322, 
2836.628322, 
2835.395917, 
2835.395917, 
2834.283638, 
2834.283638, 
2834.283638, 
2834.283638, 
2834.470896, 
2834.470896, 
2834.470896, 
2834.470896, 
2834.470896, 
2834.470896, 
2834.470896, 
2834.470896, 
2834.470896, 
2834.470896, 
2834.470896, 
2835.637526, 
2832.222914, 
2832.222914, 
2832.222914, 
2832.222914, 
2832.222914, 
2832.222914, 
2832.222914, 
2832.222914, 
2832.222914, 
2832.222914, 
2832.222914, 
2835.905604, 
2835.905604, 
2835.905604, 
2835.905604, 
2833.532760, 
2833.532760, 
2832.572946, 
2832.572946, 
2832.572946, 
2832.572946, 
2832.572946, 
2834.058613, 
2834.058613, 
2834.058613, 
2834.058613, 
2834.058613, 
2834.058613, 
2834.058613, 
2833.855339, 
2833.855339, 
2835.773819, 
2836.159046, 
2836.159046, 
2836.159046, 
2836.159046, 
2836.159046, 
2836.159046, 
2836.159046, 
2836.159046, 
2836.159046, 
2835.160384, 
2835.160384, 
2835.160384, 
2835.160384, 
2835.160384, 
2835.560999, 
2835.560999, 
2835.560999, 
2835.560999, 
2835.560999, 
2835.888433, 
2835.888433, 
2835.888433, 
2835.888433, 
2835.888433, 
2835.888433, 
2835.888433, 
2835.888433, 
2835.888433, 
2835.888433, 
2835.888433, 
2835.888433, 
2834.095478, 
2834.095478, 
2834.095478, 
2834.095478, 
2834.095478, 
2834.095478, 
2834.923145, 
2834.923145, 
2834.923145, 
2832.877286, 
2832.877286, 
2832.877286, 
2834.104053, 
2834.104053, 
2834.104053, 
2835.113448, 
2835.113448, 
2834.019824, 
2836.548090, 
2836.548090, 
2834.177613, 
2834.177613, 
2834.177613, 
2834.177613, 
2834.177613, 
2833.521238, 
2833.521238, 
2833.521238, 
2833.521238, 
2833.521238, 
2833.521238, 
2833.521238, 
2833.521238, 
2833.521238, 
2833.521238, 
2833.521238, 
2833.521238, 
2834.953284, 
2834.953284, 
2834.953284, 
2834.953284, 
2834.953284, 
2834.953284, 
2837.793807, 
2837.793807, 
2837.793807, 
2838.434458, 
2838.434458, 
2835.523238, 
2839.739775, 
2839.739775, 
2839.739775, 
2837.428594, 
2837.428594, 
2837.561572, 
2834.270464, 
2834.270464, 
2832.952033, 
2836.181258, 
2836.181258, 
2834.235565, 
2833.535990, 
2833.535990, 
2833.535990, 
2833.535990, 
2833.535990, 
2833.535990, 
2833.535990, 
2833.535990, 
2833.535990, 
2837.750698, 
2837.750698, 
2837.750698, 
2837.750698, 
2837.750698, 
2837.479140, 
2837.479140, 
2834.485065, 
2834.485065, 
2835.717032, 
2835.717032, 
2836.275758, 
2833.495559, 
2833.525381, 
2833.709948, 
2833.709948, 
2833.709948, 
2833.709948, 
2833.284476, 
2834.405910, 
2834.405910, 
2834.405910, 
2834.405910, 
2834.405910, 
2834.405910, 
2834.405910, 
2834.405910, 
2834.405910, 
2834.570873, 
2834.570873, 
2834.570873, 
2834.570873, 
2834.570873, 
2834.541699, 
2835.679407, 
2835.679407, 
2835.679407, 
2835.679407, 
2834.979097, 
2834.979097, 
2833.205779, 
2833.205779, 
2837.536598, 
2838.342536, 
2838.342536, 
2838.342536, 
2838.342536, 
2838.342536, 
2835.578473, 
2835.578473, 
2835.578473, 
2835.578473, 
2834.037988, 
2834.037988, 
2834.037988, 
2833.707474, 
2833.270968, 
2833.270968, 
2833.270968, 
2833.270968, 
2833.270968, 
2833.270968, 
2833.442836, 
2833.442836, 
2833.442836, 
2833.442836, 
2833.442836, 
2833.442836, 
2833.442836, 
2833.442836, 
2833.442836, 
2837.341838, 
2837.341838, 
2835.845001, 
2835.845001, 
2835.845001, 
2835.845001, 
2835.916007, 
2835.916007, 
2835.916007, 
2835.916007, 
2835.916007, 
2835.916007, 
2835.916007, 
2835.916007, 
2835.916007, 
2835.916007, 
2835.916007, 
2835.916007, 
2835.916007, 
2835.916007, 
2835.916007, 
2835.916007, 
2835.916007, 
2835.916007, 
2835.916007, 
2835.916007, 
2835.916007, 
2835.916007, 
2835.916007, 
2835.916007, 
2835.916007, 
2835.916007, 
2835.916007, 
2835.916007, 
2837.528493, 
2836.455973, 
2836.455973, 
2836.455973, 
2834.670009, 
2834.670009, 
2834.670009, 
2834.670009, 
2835.444816, 
2835.444816, 
2835.444816, 
2835.444816, 
2834.505033, 
2836.231255, 
2836.231255, 
2836.231255, 
2838.744292, 
2838.744292, 
2838.744292, 
2838.744292, 
2838.648919, 
2833.827533, 
2833.827533, 
2833.827533, 
2833.827533, 
2833.827533, 
2833.827533, 
2833.827533, 
2832.348654, 
2833.692675, 
2833.692675, 
