24.026574, -0.397533, 14.259895, 5.821594, 
-6.960244, -2.618230, 15.785444, 18.372457, 
10.386434, 0.707040, 0.455613, 14.240137, 
10.386434, 0.707040, 0.455613, 14.240137, 
15.489298, -11.592084, -7.064055, 19.832227, 
15.489298, -11.592084, -7.064055, 19.832227, 
15.489298, -11.592084, -7.064055, 19.832227, 
-8.210177, -5.659413, 11.144984, 14.775132, 
-8.210177, -5.659413, 11.144984, 14.775132, 
-8.210177, -5.659413, 11.144984, 14.775132, 
-8.210177, -5.659413, 11.144984, 14.775132, 
-8.210177, -5.659413, 11.144984, 14.775132, 
-8.210177, -5.659413, 11.144984, 14.775132, 
-8.210177, -5.659413, 11.144984, 14.775132, 
-8.210177, -5.659413, 11.144984, 14.775132, 
-8.210177, -5.659413, 11.144984, 14.775132, 
-8.210177, -5.659413, 11.144984, 14.775132, 
-8.210177, -5.659413, 11.144984, 14.775132, 
-8.210177, -5.659413, 11.144984, 14.775132, 
-8.210177, -5.659413, 11.144984, 14.775132, 
-8.210177, -5.659413, 11.144984, 14.775132, 
-8.210177, -5.659413, 11.144984, 14.775132, 
-8.210177, -5.659413, 11.144984, 14.775132, 
-8.210177, -5.659413, 11.144984, 14.775132, 
-8.210177, -5.659413, 11.144984, 14.775132, 
-8.210177, -5.659413, 11.144984, 14.775132, 
-8.210177, -5.659413, 11.144984, 14.775132, 
-8.210177, -5.659413, 11.144984, 14.775132, 
-8.210177, -5.659413, 11.144984, 14.775132, 
-8.210177, -5.659413, 11.144984, 14.775132, 
-8.210177, -5.659413, 11.144984, 14.775132, 
-8.210177, -5.659413, 11.144984, 14.775132, 
-8.210177, -5.659413, 11.144984, 14.775132, 
-8.210177, -5.659413, 11.144984, 14.775132, 
-8.210177, -5.659413, 11.144984, 14.775132, 
-8.210177, -5.659413, 11.144984, 14.775132, 
-8.210177, -5.659413, 11.144984, 14.775132, 
-8.210177, -5.659413, 11.144984, 14.775132, 
-0.801318, 2.438279, -1.236774, 6.758002, 
-0.801318, 2.438279, -1.236774, 6.758002, 
-2.626710, -0.686257, 3.597679, 6.131344, 
-2.626710, -0.686257, 3.597679, 6.131344, 
-2.153115, 1.241394, 1.291227, 5.209589, 
-2.153115, 1.241394, 1.291227, 5.209589, 
-2.153115, 1.241394, 1.291227, 5.209589, 
-2.153115, 1.241394, 1.291227, 5.209589, 
-2.227910, 1.193571, 1.458521, 5.086048, 
-2.227910, 1.193571, 1.458521, 5.086048, 
-1.124443, 0.711689, 1.301806, 6.375954, 
-1.124443, 0.711689, 1.301806, 6.375954, 
-1.080992, 0.555504, 1.317772, 6.307705, 
-1.080992, 0.555504, 1.317772, 6.307705, 
-1.080992, 0.555504, 1.317772, 6.307705, 
-1.080992, 0.555504, 1.317772, 6.307705, 
-1.080992, 0.555504, 1.317772, 6.307705, 
-1.080992, 0.555504, 1.317772, 6.307705, 
-0.980390, 0.755275, 1.064426, 5.221322, 
-0.980390, 0.755275, 1.064426, 5.221322, 
-0.980390, 0.755275, 1.064426, 5.221322, 
-0.697272, 1.256393, 0.677816, 4.306343, 
-0.353729, 1.699028, 0.588795, 3.806806, 
-0.353729, 1.699028, 0.588795, 3.806806, 
-0.353729, 1.699028, 0.588795, 3.806806, 
-0.687998, 0.970977, 1.093441, 4.384322, 
-0.687998, 0.970977, 1.093441, 4.384322, 
-0.183091, 0.857850, 1.255071, 4.112809, 
-0.055426, 1.569932, 1.020559, 4.258188, 
-0.055426, 1.569932, 1.020559, 4.258188, 
-0.055426, 1.569932, 1.020559, 4.258188, 
-0.055426, 1.569932, 1.020559, 4.258188, 
0.239578, 1.750242, 1.058268, 4.365209, 
0.193595, 1.769371, 1.176716, 4.672900, 
0.193595, 1.769371, 1.176716, 4.672900, 
0.193595, 1.769371, 1.176716, 4.672900, 
0.499419, 1.609742, 1.183039, 4.349895, 
0.499419, 1.609742, 1.183039, 4.349895, 
0.915986, 1.490512, 1.218708, 4.266008, 
0.998741, 1.599444, 1.338535, 4.241634, 
0.998741, 1.599444, 1.338535, 4.241634, 
0.998741, 1.599444, 1.338535, 4.241634, 
0.998741, 1.599444, 1.338535, 4.241634, 
0.860784, 1.837453, 1.351557, 4.364021, 
0.860784, 1.837453, 1.351557, 4.364021, 
0.860784, 1.837453, 1.351557, 4.364021, 
0.788345, 2.091936, 1.403747, 4.410696, 
0.976107, 1.652693, 1.483791, 4.362517, 
0.893808, 1.690266, 1.533848, 4.324110, 
0.997945, 1.987090, 1.533129, 4.108704, 
0.982117, 2.029698, 1.613824, 3.939415, 
1.054125, 1.873041, 1.692640, 3.714053, 
1.012789, 1.907812, 1.710452, 3.665710, 
1.012789, 1.907812, 1.710452, 3.665710, 
1.012789, 1.907812, 1.710452, 3.665710, 
0.971873, 1.846457, 1.904407, 3.851318, 
0.904102, 2.059310, 1.997714, 3.719528, 
0.997218, 1.862330, 1.960733, 4.146490, 
0.854824, 1.918612, 2.153743, 3.897321, 
0.854824, 1.918612, 2.153743, 3.897321, 
0.690291, 2.088641, 2.323865, 3.976477, 
0.690291, 2.088641, 2.323865, 3.976477, 
0.690291, 2.088641, 2.323865, 3.976477, 
0.728027, 2.078510, 2.350161, 4.029174, 
0.728027, 2.078510, 2.350161, 4.029174, 
0.728027, 2.078510, 2.350161, 4.029174, 
0.596140, 2.179089, 2.474365, 4.025714, 
0.596140, 2.179089, 2.474365, 4.025714, 
0.596140, 2.179089, 2.474365, 4.025714, 
0.610418, 2.219906, 2.584772, 4.159136, 
0.588539, 2.308627, 2.766494, 3.922931, 
0.703779, 2.240516, 2.728949, 4.009749, 
0.703779, 2.240516, 2.728949, 4.009749, 
0.703779, 2.240516, 2.728949, 4.009749, 
0.821739, 2.156605, 2.632347, 4.127641, 
0.821739, 2.156605, 2.632347, 4.127641, 
0.821739, 2.156605, 2.632347, 4.127641, 
0.895633, 2.205507, 2.795338, 4.060537, 
0.895633, 2.205507, 2.795338, 4.060537, 
0.910962, 2.221316, 2.867092, 4.104332, 
0.910962, 2.221316, 2.867092, 4.104332, 
0.910962, 2.221316, 2.867092, 4.104332, 
0.910962, 2.221316, 2.867092, 4.104332, 
0.910962, 2.221316, 2.867092, 4.104332, 
0.910962, 2.221316, 2.867092, 4.104332, 
0.929992, 2.205876, 2.871374, 4.043866, 
0.929992, 2.205876, 2.871374, 4.043866, 
0.929992, 2.205876, 2.871374, 4.043866, 
0.929992, 2.205876, 2.871374, 4.043866, 
0.929992, 2.205876, 2.871374, 4.043866, 
0.937977, 2.092434, 3.106446, 4.099383, 
0.937977, 2.092434, 3.106446, 4.099383, 
0.937977, 2.092434, 3.106446, 4.099383, 
0.937977, 2.092434, 3.106446, 4.099383, 
0.937977, 2.092434, 3.106446, 4.099383, 
0.937977, 2.092434, 3.106446, 4.099383, 
0.937977, 2.092434, 3.106446, 4.099383, 
0.937977, 2.092434, 3.106446, 4.099383, 
0.927705, 1.947757, 3.020872, 4.001137, 
0.927705, 1.947757, 3.020872, 4.001137, 
0.927705, 1.947757, 3.020872, 4.001137, 
0.927705, 1.947757, 3.020872, 4.001137, 
0.927705, 1.947757, 3.020872, 4.001137, 
0.927705, 1.947757, 3.020872, 4.001137, 
0.927705, 1.947757, 3.020872, 4.001137, 
0.927705, 1.947757, 3.020872, 4.001137, 
0.927705, 1.947757, 3.020872, 4.001137, 
0.927705, 1.947757, 3.020872, 4.001137, 
0.927705, 1.947757, 3.020872, 4.001137, 
0.927705, 1.947757, 3.020872, 4.001137, 
0.927705, 1.947757, 3.020872, 4.001137, 
0.927705, 1.947757, 3.020872, 4.001137, 
0.927705, 1.947757, 3.020872, 4.001137, 
0.927705, 1.947757, 3.020872, 4.001137, 
0.928565, 1.962093, 3.022276, 4.105490, 
0.928565, 1.962093, 3.022276, 4.105490, 
0.928565, 1.962093, 3.022276, 4.105490, 
0.928565, 1.962093, 3.022276, 4.105490, 
0.928565, 1.962093, 3.022276, 4.105490, 
0.979230, 1.880987, 2.965502, 4.004743, 
1.010018, 1.907186, 2.981324, 3.998109, 
0.994619, 1.912315, 3.041481, 3.977962, 
0.994619, 1.912315, 3.041481, 3.977962, 
0.994619, 1.912315, 3.041481, 3.977962, 
0.994619, 1.912315, 3.041481, 3.977962, 
0.994619, 1.912315, 3.041481, 3.977962, 
0.932435, 1.958893, 3.057182, 4.097505, 
0.932435, 1.958893, 3.057182, 4.097505, 
0.932435, 1.958893, 3.057182, 4.097505, 
0.932435, 1.958893, 3.057182, 4.097505, 
0.936611, 1.958631, 3.049501, 4.059384, 
0.936611, 1.958631, 3.049501, 4.059384, 
0.985292, 1.946721, 3.051564, 4.067028, 
0.965478, 1.970504, 3.044928, 4.103892, 
0.962258, 1.983783, 3.024532, 4.084828, 
0.962258, 1.983783, 3.024532, 4.084828, 
0.962258, 1.983783, 3.024532, 4.084828, 
0.945369, 1.970637, 3.040024, 4.045532, 
0.945369, 1.970637, 3.040024, 4.045532, 
1.000982, 1.952223, 3.064543, 4.048981, 
0.983456, 1.948900, 3.055320, 4.045519, 
0.983456, 1.948900, 3.055320, 4.045519, 
0.983456, 1.948900, 3.055320, 4.045519, 
0.983456, 1.948900, 3.055320, 4.045519, 
1.034465, 1.940157, 3.015985, 4.059701, 
1.034465, 1.940157, 3.015985, 4.059701, 
1.034465, 1.940157, 3.015985, 4.059701, 
1.034465, 1.940157, 3.015985, 4.059701, 
1.034465, 1.940157, 3.015985, 4.059701, 
1.034465, 1.940157, 3.015985, 4.059701, 
1.034465, 1.940157, 3.015985, 4.059701, 
1.005310, 1.952783, 2.986285, 4.074822, 
1.021474, 1.937083, 3.003713, 4.056439, 
1.021474, 1.937083, 3.003713, 4.056439, 
1.021474, 1.937083, 3.003713, 4.056439, 
1.021474, 1.937083, 3.003713, 4.056439, 
1.021474, 1.937083, 3.003713, 4.056439, 
0.971782, 1.964738, 3.018041, 4.062424, 
0.997889, 1.950190, 3.001176, 4.053231, 
0.998863, 1.939933, 3.007859, 4.027804, 
0.998863, 1.939933, 3.007859, 4.027804, 
0.998863, 1.939933, 3.007859, 4.027804, 
0.968308, 1.932580, 3.038511, 4.045530, 
0.989683, 1.924852, 3.036603, 4.055323, 
0.991512, 1.920924, 3.053312, 4.027813, 
0.978239, 1.934187, 3.049360, 4.045310, 
0.978239, 1.934187, 3.049360, 4.045310, 
0.978239, 1.934187, 3.049360, 4.045310, 
0.978239, 1.934187, 3.049360, 4.045310, 
0.998773, 1.929402, 3.014069, 4.067250, 
0.998773, 1.929402, 3.014069, 4.067250, 
0.998773, 1.929402, 3.014069, 4.067250, 
0.998773, 1.929402, 3.014069, 4.067250, 
0.998773, 1.929402, 3.014069, 4.067250, 
1.014139, 1.933550, 3.039826, 4.094462, 
1.014139, 1.933550, 3.039826, 4.094462, 
1.014139, 1.933550, 3.039826, 4.094462, 
0.957217, 1.952214, 3.050626, 4.062425, 
0.957217, 1.952214, 3.050626, 4.062425, 
0.957217, 1.952214, 3.050626, 4.062425, 
0.957217, 1.952214, 3.050626, 4.062425, 
0.957217, 1.952214, 3.050626, 4.062425, 
0.951820, 1.914883, 3.016632, 4.028087, 
0.951820, 1.914883, 3.016632, 4.028087, 
0.951820, 1.914883, 3.016632, 4.028087, 
0.972146, 1.939249, 3.031189, 4.099736, 
0.972146, 1.939249, 3.031189, 4.099736, 
0.972146, 1.939249, 3.031189, 4.099736, 
0.972146, 1.939249, 3.031189, 4.099736, 
0.986846, 1.930385, 3.024776, 4.098505, 
0.993993, 1.942382, 3.031169, 4.096904, 
0.970646, 1.924038, 3.046958, 4.077783, 
0.970646, 1.924038, 3.046958, 4.077783, 
0.970646, 1.924038, 3.046958, 4.077783, 
0.970646, 1.924038, 3.046958, 4.077783, 
0.968374, 1.902128, 3.017085, 4.090948, 
0.968374, 1.902128, 3.017085, 4.090948, 
0.968374, 1.902128, 3.017085, 4.090948, 
1.015668, 1.921619, 3.003395, 4.108307, 
1.015668, 1.921619, 3.003395, 4.108307, 
1.015668, 1.921619, 3.003395, 4.108307, 
1.015668, 1.921619, 3.003395, 4.108307, 
1.015668, 1.921619, 3.003395, 4.108307, 
1.045299, 1.921388, 3.004021, 4.099149, 
1.049826, 1.941722, 2.999851, 4.113735, 
1.031837, 1.949083, 2.998175, 4.124771, 
1.031837, 1.949083, 2.998175, 4.124771, 
1.031837, 1.949083, 2.998175, 4.124771, 
1.031837, 1.949083, 2.998175, 4.124771, 
1.001270, 1.970734, 2.990538, 4.131977, 
1.001270, 1.970734, 2.990538, 4.131977, 
1.034759, 1.942067, 2.986424, 4.119560, 
1.034759, 1.942067, 2.986424, 4.119560, 
1.034759, 1.942067, 2.986424, 4.119560, 
1.022600, 1.932430, 2.986832, 4.113641, 
1.022600, 1.932430, 2.986832, 4.113641, 
0.987241, 1.965813, 3.051358, 4.086389, 
0.995433, 1.971228, 3.059207, 4.073380, 
0.995433, 1.971228, 3.059207, 4.073380, 
0.965158, 1.984338, 3.023956, 4.009857, 
0.971189, 1.982114, 3.042759, 4.007150, 
0.989657, 1.983196, 3.024361, 4.011820, 
1.000216, 1.936205, 2.973419, 4.036015, 
1.000216, 1.936205, 2.973419, 4.036015, 
1.000216, 1.936205, 2.973419, 4.036015, 
1.000216, 1.936205, 2.973419, 4.036015, 
1.000216, 1.936205, 2.973419, 4.036015, 
1.006180, 1.959950, 3.023170, 4.034274, 
1.017097, 1.940249, 3.004354, 4.030550, 
1.017097, 1.940249, 3.004354, 4.030550, 
1.017097, 1.940249, 3.004354, 4.030550, 
0.965460, 1.923814, 2.998621, 4.044869, 
0.965460, 1.923814, 2.998621, 4.044869, 
0.955115, 1.915382, 2.960253, 4.058887, 
0.951980, 1.931064, 2.983310, 4.092997, 
0.972545, 1.961125, 3.011428, 4.103371, 
0.972545, 1.961125, 3.011428, 4.103371, 
0.972545, 1.961125, 3.011428, 4.103371, 
0.989828, 1.991497, 3.037159, 4.111514, 
0.989828, 1.991497, 3.037159, 4.111514, 
0.983975, 2.016395, 3.043901, 4.117415, 
1.003915, 2.003919, 3.040943, 4.100266, 
0.960143, 1.983875, 3.060546, 4.099536, 
0.960143, 1.983875, 3.060546, 4.099536, 
0.960143, 1.983875, 3.060546, 4.099536, 
0.960143, 1.983875, 3.060546, 4.099536, 
0.960143, 1.983875, 3.060546, 4.099536, 
0.960143, 1.983875, 3.060546, 4.099536, 
0.995047, 1.986121, 3.038975, 4.082084, 
0.995047, 1.986121, 3.038975, 4.082084, 
0.995047, 1.986121, 3.038975, 4.082084, 
0.995047, 1.986121, 3.038975, 4.082084, 
0.978856, 1.944464, 3.052627, 4.072553, 
0.978856, 1.944464, 3.052627, 4.072553, 
0.978856, 1.944464, 3.052627, 4.072553, 
0.978856, 1.944464, 3.052627, 4.072553, 
0.978856, 1.944464, 3.052627, 4.072553, 
0.978856, 1.944464, 3.052627, 4.072553, 
0.990868, 1.965530, 3.011302, 4.052384, 
0.990868, 1.965530, 3.011302, 4.052384, 
0.990868, 1.965530, 3.011302, 4.052384, 
1.001702, 1.959994, 2.988222, 4.013829, 
1.001702, 1.959994, 2.988222, 4.013829, 
1.001702, 1.959994, 2.988222, 4.013829, 
1.001702, 1.959994, 2.988222, 4.013829, 
1.001702, 1.959994, 2.988222, 4.013829, 
1.001702, 1.959994, 2.988222, 4.013829, 
1.001702, 1.959994, 2.988222, 4.013829, 
1.001702, 1.959994, 2.988222, 4.013829, 
0.960158, 1.950739, 3.036677, 4.081656, 
1.003161, 1.986231, 2.998881, 4.021111, 
1.003161, 1.986231, 2.998881, 4.021111, 
1.003161, 1.986231, 2.998881, 4.021111, 
1.003161, 1.986231, 2.998881, 4.021111, 
1.003161, 1.986231, 2.998881, 4.021111, 
1.017084, 2.015185, 3.034404, 4.036746, 
1.017084, 2.015185, 3.034404, 4.036746, 
1.017084, 2.015185, 3.034404, 4.036746, 
1.014760, 1.941025, 2.997775, 4.020992, 
0.996818, 1.941840, 3.019930, 4.009597, 
0.996818, 1.941840, 3.019930, 4.009597, 
0.996818, 1.941840, 3.019930, 4.009597, 
0.996818, 1.941840, 3.019930, 4.009597, 
0.996818, 1.941840, 3.019930, 4.009597, 
0.996818, 1.941840, 3.019930, 4.009597, 
0.996818, 1.941840, 3.019930, 4.009597, 
0.996818, 1.941840, 3.019930, 4.009597, 
0.996818, 1.941840, 3.019930, 4.009597, 
0.996818, 1.941840, 3.019930, 4.009597, 
0.996818, 1.941840, 3.019930, 4.009597, 
0.996818, 1.941840, 3.019930, 4.009597, 
0.989006, 1.964038, 3.033312, 4.001511, 
0.989006, 1.964038, 3.033312, 4.001511, 
0.989006, 1.964038, 3.033312, 4.001511, 
0.989006, 1.964038, 3.033312, 4.001511, 
1.019110, 1.953077, 3.004582, 4.043559, 
1.019110, 1.953077, 3.004582, 4.043559, 
1.027035, 1.952368, 2.989376, 4.042667, 
1.027035, 1.952368, 2.989376, 4.042667, 
1.027035, 1.952368, 2.989376, 4.042667, 
1.027035, 1.952368, 2.989376, 4.042667, 
1.027035, 1.952368, 2.989376, 4.042667, 
1.027035, 1.952368, 2.989376, 4.042667, 
1.027035, 1.952368, 2.989376, 4.042667, 
1.027035, 1.952368, 2.989376, 4.042667, 
1.027035, 1.952368, 2.989376, 4.042667, 
1.027035, 1.952368, 2.989376, 4.042667, 
1.027035, 1.952368, 2.989376, 4.042667, 
1.027035, 1.952368, 2.989376, 4.042667, 
1.027035, 1.952368, 2.989376, 4.042667, 
1.027035, 1.952368, 2.989376, 4.042667, 
1.027035, 1.952368, 2.989376, 4.042667, 
1.027035, 1.952368, 2.989376, 4.042667, 
1.027035, 1.952368, 2.989376, 4.042667, 
1.027035, 1.952368, 2.989376, 4.042667, 
1.020446, 1.943143, 2.941768, 4.066066, 
1.020446, 1.943143, 2.941768, 4.066066, 
1.021779, 1.936205, 2.964187, 4.072861, 
1.021779, 1.936205, 2.964187, 4.072861, 
1.021779, 1.936205, 2.964187, 4.072861, 
1.018406, 1.952840, 2.982519, 4.012070, 
1.006291, 1.990980, 2.965936, 4.077006, 
1.006291, 1.990980, 2.965936, 4.077006, 
1.006291, 1.990980, 2.965936, 4.077006, 
1.010905, 1.986139, 2.993828, 4.045276, 
1.010905, 1.986139, 2.993828, 4.045276, 
1.010905, 1.986139, 2.993828, 4.045276, 
1.010905, 1.986139, 2.993828, 4.045276, 
1.010905, 1.986139, 2.993828, 4.045276, 
1.010905, 1.986139, 2.993828, 4.045276, 
1.010905, 1.986139, 2.993828, 4.045276, 
1.010905, 1.986139, 2.993828, 4.045276, 
1.031688, 1.957820, 3.016486, 4.071654, 
1.031688, 1.957820, 3.016486, 4.071654, 
1.031688, 1.957820, 3.016486, 4.071654, 
1.031688, 1.957820, 3.016486, 4.071654, 
1.031688, 1.957820, 3.016486, 4.071654, 
1.031688, 1.957820, 3.016486, 4.071654, 
1.033441, 1.971409, 3.068635, 4.065760, 
1.034438, 1.954514, 3.087190, 4.100106, 
1.034438, 1.954514, 3.087190, 4.100106, 
1.015277, 1.959215, 3.036116, 4.105747, 
1.015277, 1.959215, 3.036116, 4.105747, 
1.015277, 1.959215, 3.036116, 4.105747, 
1.015277, 1.959215, 3.036116, 4.105747, 
1.015102, 1.996202, 3.009796, 4.082374, 
1.015102, 1.996202, 3.009796, 4.082374, 
1.015102, 1.996202, 3.009796, 4.082374, 
1.025339, 2.005179, 3.006069, 4.038497, 
1.025339, 2.005179, 3.006069, 4.038497, 
1.025339, 2.005179, 3.006069, 4.038497, 
1.025339, 2.005179, 3.006069, 4.038497, 
1.025339, 2.005179, 3.006069, 4.038497, 
1.025339, 2.005179, 3.006069, 4.038497, 
1.025339, 2.005179, 3.006069, 4.038497, 
1.025339, 2.005179, 3.006069, 4.038497, 
1.025339, 2.005179, 3.006069, 4.038497, 
1.025339, 2.005179, 3.006069, 4.038497, 
1.025339, 2.005179, 3.006069, 4.038497, 
1.025339, 2.005179, 3.006069, 4.038497, 
1.025339, 2.005179, 3.006069, 4.038497, 
1.025339, 2.005179, 3.006069, 4.038497, 
1.021397, 2.019367, 2.993791, 4.065193, 
1.021397, 2.019367, 2.993791, 4.065193, 
1.032467, 2.006843, 3.001729, 4.104695, 
1.032467, 2.006843, 3.001729, 4.104695, 
1.024534, 1.956008, 2.962437, 4.117366, 
1.049144, 1.931932, 3.006389, 4.127503, 
1.035366, 1.934841, 3.048331, 4.140107, 
1.035366, 1.934841, 3.048331, 4.140107, 
1.045634, 1.908713, 3.031771, 4.128605, 
1.045634, 1.908713, 3.031771, 4.128605, 
1.045634, 1.908713, 3.031771, 4.128605, 
1.045634, 1.908713, 3.031771, 4.128605, 
1.067910, 1.888339, 3.046484, 4.084653, 
1.067910, 1.888339, 3.046484, 4.084653, 
1.067910, 1.888339, 3.046484, 4.084653, 
1.067910, 1.888339, 3.046484, 4.084653, 
1.067910, 1.888339, 3.046484, 4.084653, 
1.012484, 1.926721, 3.094232, 4.060050, 
1.012484, 1.926721, 3.094232, 4.060050, 
1.012484, 1.926721, 3.094232, 4.060050, 
0.969206, 1.919030, 3.059546, 4.046317, 
0.969206, 1.919030, 3.059546, 4.046317, 
0.969206, 1.919030, 3.059546, 4.046317, 
0.969206, 1.919030, 3.059546, 4.046317, 
0.996937, 1.937427, 3.058904, 4.024861, 
0.999194, 1.933455, 3.075828, 4.053312, 
0.990582, 1.895857, 3.079174, 4.042840, 
1.017008, 1.920448, 3.072874, 4.065221, 
1.017008, 1.920448, 3.072874, 4.065221, 
1.017008, 1.920448, 3.072874, 4.065221, 
1.017008, 1.920448, 3.072874, 4.065221, 
1.017008, 1.920448, 3.072874, 4.065221, 
0.971410, 1.968915, 3.065078, 4.080358, 
0.945913, 1.970005, 3.049411, 4.043095, 
0.999588, 1.933515, 3.060604, 4.071738, 
0.999588, 1.933515, 3.060604, 4.071738, 
0.992920, 1.960918, 3.041971, 4.057238, 
1.019985, 1.915338, 2.999564, 4.069494, 
1.019985, 1.915338, 2.999564, 4.069494, 
1.013327, 1.918530, 3.038035, 4.089219, 
0.995966, 1.948746, 3.049778, 4.095866, 
0.995966, 1.948746, 3.049778, 4.095866, 
1.005208, 1.939169, 2.991651, 4.113877, 
1.014315, 1.958391, 3.022259, 4.082944, 
1.014315, 1.958391, 3.022259, 4.082944, 
1.002662, 1.937051, 3.002683, 4.094011, 
0.939251, 1.947408, 2.999888, 4.070217, 
0.939251, 1.947408, 2.999888, 4.070217, 
0.955096, 1.979448, 3.012597, 4.045051, 
0.955096, 1.979448, 3.012597, 4.045051, 
0.955096, 1.979448, 3.012597, 4.045051, 
0.955096, 1.979448, 3.012597, 4.045051, 
0.955096, 1.979448, 3.012597, 4.045051, 
0.955096, 1.979448, 3.012597, 4.045051, 
0.955096, 1.979448, 3.012597, 4.045051, 
0.955096, 1.979448, 3.012597, 4.045051, 
0.952030, 1.930675, 2.983635, 4.082038, 
0.952030, 1.930675, 2.983635, 4.082038, 
0.959286, 1.940945, 2.978502, 4.065056, 
0.959286, 1.940945, 2.978502, 4.065056, 
0.959286, 1.940945, 2.978502, 4.065056, 
0.959286, 1.940945, 2.978502, 4.065056, 
0.959286, 1.940945, 2.978502, 4.065056, 
0.959286, 1.940945, 2.978502, 4.065056, 
0.959286, 1.940945, 2.978502, 4.065056, 
0.959286, 1.940945, 2.978502, 4.065056, 
0.947900, 1.937046, 2.986618, 4.061107, 
0.963703, 1.939123, 3.000383, 4.088030, 
0.956846, 1.962119, 3.003304, 4.051817, 
0.956846, 1.962119, 3.003304, 4.051817, 
0.956846, 1.962119, 3.003304, 4.051817, 
0.956846, 1.962119, 3.003304, 4.051817, 
0.956846, 1.962119, 3.003304, 4.051817, 
0.956846, 1.962119, 3.003304, 4.051817, 
0.969252, 1.944815, 3.059262, 4.023812, 
1.010639, 1.939107, 3.072535, 3.997514, 
1.010639, 1.939107, 3.072535, 3.997514, 
1.005496, 1.915857, 3.075161, 4.002754, 
1.005496, 1.915857, 3.075161, 4.002754, 
1.005496, 1.915857, 3.075161, 4.002754, 
1.005496, 1.915857, 3.075161, 4.002754, 
1.005496, 1.915857, 3.075161, 4.002754, 
1.005496, 1.915857, 3.075161, 4.002754, 
0.970758, 1.927650, 3.079445, 3.993210, 
0.970758, 1.927650, 3.079445, 3.993210, 
0.969040, 1.967943, 3.078208, 4.052723, 
0.969040, 1.967943, 3.078208, 4.052723, 
0.969040, 1.967943, 3.078208, 4.052723, 
0.969040, 1.967943, 3.078208, 4.052723, 
0.952361, 1.950051, 3.060001, 4.013442, 
0.968799, 1.945241, 3.069841, 4.043598, 
0.968799, 1.945241, 3.069841, 4.043598, 
0.968799, 1.945241, 3.069841, 4.043598, 
0.965598, 1.964595, 3.046340, 4.089172, 
0.965598, 1.964595, 3.046340, 4.089172, 
0.965598, 1.964595, 3.046340, 4.089172, 
0.965598, 1.964595, 3.046340, 4.089172, 
0.965598, 1.964595, 3.046340, 4.089172, 
0.965598, 1.964595, 3.046340, 4.089172, 
0.965598, 1.964595, 3.046340, 4.089172, 
0.965598, 1.964595, 3.046340, 4.089172, 
0.968057, 1.940621, 3.069333, 4.059874, 
0.914597, 1.939978, 3.058191, 4.106839, 
0.972185, 1.916613, 3.057507, 4.100280, 
0.972185, 1.916613, 3.057507, 4.100280, 
0.987978, 1.914518, 3.047173, 4.104635, 
0.987978, 1.914518, 3.047173, 4.104635, 
0.972833, 1.906460, 3.066236, 4.076650, 
0.972833, 1.906460, 3.066236, 4.076650, 
1.005085, 1.908036, 3.059488, 4.061381, 
1.005085, 1.908036, 3.059488, 4.061381, 
1.019182, 1.890400, 3.027106, 4.071919, 
1.019182, 1.890400, 3.027106, 4.071919, 
1.028666, 1.903083, 3.038532, 4.062105, 
1.000049, 1.885153, 3.007897, 4.084624, 
1.000049, 1.885153, 3.007897, 4.084624, 
1.000049, 1.885153, 3.007897, 4.084624, 
1.000049, 1.885153, 3.007897, 4.084624, 
0.959339, 1.915118, 3.008403, 4.098884, 
0.959339, 1.915118, 3.008403, 4.098884, 
0.957550, 1.910628, 3.033983, 4.051921, 
0.957550, 1.910628, 3.033983, 4.051921, 
0.957550, 1.910628, 3.033983, 4.051921, 
0.957550, 1.910628, 3.033983, 4.051921, 
1.056481, 1.966877, 3.043199, 4.074987, 
1.056481, 1.966877, 3.043199, 4.074987, 
1.056481, 1.966877, 3.043199, 4.074987, 
1.056481, 1.966877, 3.043199, 4.074987, 
1.056481, 1.966877, 3.043199, 4.074987, 
1.056481, 1.966877, 3.043199, 4.074987, 
1.056481, 1.966877, 3.043199, 4.074987, 
1.047227, 1.973092, 3.066188, 4.028548, 
1.047227, 1.973092, 3.066188, 4.028548, 
1.047227, 1.973092, 3.066188, 4.028548, 
1.047227, 1.973092, 3.066188, 4.028548, 
1.047227, 1.973092, 3.066188, 4.028548, 
1.038016, 1.941039, 3.032976, 4.008064, 
1.038016, 1.941039, 3.032976, 4.008064, 
1.038016, 1.941039, 3.032976, 4.008064, 
1.038016, 1.941039, 3.032976, 4.008064, 
1.042065, 1.981106, 3.024545, 4.012595, 
1.042065, 1.981106, 3.024545, 4.012595, 
1.042065, 1.981106, 3.024545, 4.012595, 
1.042065, 1.981106, 3.024545, 4.012595, 
1.042065, 1.981106, 3.024545, 4.012595, 
1.033056, 1.959863, 2.999551, 3.988298, 
1.033056, 1.959863, 2.999551, 3.988298, 
1.033056, 1.959863, 2.999551, 3.988298, 
1.033056, 1.959863, 2.999551, 3.988298, 
1.013753, 1.934850, 2.981741, 3.990373, 
1.010933, 1.932557, 2.998359, 3.973870, 
1.033161, 1.960002, 3.001356, 3.987253, 
1.012213, 1.987379, 3.008851, 3.990476, 
1.012213, 1.987379, 3.008851, 3.990476, 
1.012213, 1.987379, 3.008851, 3.990476, 
0.955685, 1.973953, 2.999163, 4.016704, 
0.955685, 1.973953, 2.999163, 4.016704, 
0.955685, 1.973953, 2.999163, 4.016704, 
0.980066, 1.977875, 2.988671, 4.037585, 
0.980066, 1.977875, 2.988671, 4.037585, 
0.980066, 1.977875, 2.988671, 4.037585, 
0.980066, 1.977875, 2.988671, 4.037585, 
0.980066, 1.977875, 2.988671, 4.037585, 
0.990663, 1.929048, 3.044368, 4.023436, 
0.990663, 1.929048, 3.044368, 4.023436, 
0.981644, 1.882881, 3.002251, 4.077416, 
1.023840, 1.893951, 3.014911, 4.073159, 
1.023840, 1.893951, 3.014911, 4.073159, 
1.023840, 1.893951, 3.014911, 4.073159, 
1.023840, 1.893951, 3.014911, 4.073159, 
1.023840, 1.893951, 3.014911, 4.073159, 
1.023840, 1.893951, 3.014911, 4.073159, 
1.023840, 1.893951, 3.014911, 4.073159, 
1.030429, 1.897221, 3.009276, 4.071109, 
1.030429, 1.897221, 3.009276, 4.071109, 
1.022620, 1.903587, 3.022682, 4.050831, 
1.022620, 1.903587, 3.022682, 4.050831, 
1.063426, 1.927308, 3.006678, 4.065429, 
1.041077, 1.932010, 3.008349, 4.052450, 
1.041077, 1.932010, 3.008349, 4.052450, 
0.977571, 1.910253, 3.033214, 4.044448, 
0.977571, 1.910253, 3.033214, 4.044448, 
0.977571, 1.910253, 3.033214, 4.044448, 
0.975930, 1.908479, 3.028491, 4.001037, 
1.009265, 1.902378, 2.984307, 4.019783, 
0.974257, 1.898778, 3.008106, 4.035444, 
0.974257, 1.898778, 3.008106, 4.035444, 
0.974257, 1.898778, 3.008106, 4.035444, 
0.985545, 1.947264, 2.959655, 3.985991, 
0.972667, 1.907866, 3.004996, 4.016545, 
0.972667, 1.907866, 3.004996, 4.016545, 
0.985879, 1.898730, 2.993922, 4.016104, 
0.967622, 1.904286, 3.022167, 3.986317, 
0.967622, 1.904286, 3.022167, 3.986317, 
0.967622, 1.904286, 3.022167, 3.986317, 
0.967622, 1.904286, 3.022167, 3.986317, 
0.967622, 1.904286, 3.022167, 3.986317, 
0.967622, 1.904286, 3.022167, 3.986317, 
0.967622, 1.904286, 3.022167, 3.986317, 
0.967622, 1.904286, 3.022167, 3.986317, 
0.967622, 1.904286, 3.022167, 3.986317, 
0.967622, 1.904286, 3.022167, 3.986317, 
0.967622, 1.904286, 3.022167, 3.986317, 
0.952836, 1.909216, 3.057780, 4.009111, 
0.950901, 1.876928, 3.038004, 4.024233, 
0.950901, 1.876928, 3.038004, 4.024233, 
0.950901, 1.876928, 3.038004, 4.024233, 
0.951376, 1.904862, 3.071106, 4.020183, 
0.937083, 1.955042, 2.967187, 4.032220, 
0.937083, 1.955042, 2.967187, 4.032220, 
0.937083, 1.955042, 2.967187, 4.032220, 
0.937083, 1.955042, 2.967187, 4.032220, 
0.981248, 1.988547, 2.993847, 3.999661, 
0.981248, 1.988547, 2.993847, 3.999661, 
0.979547, 1.939244, 2.990011, 4.038525, 
0.979547, 1.939244, 2.990011, 4.038525, 
0.979547, 1.939244, 2.990011, 4.038525, 
0.979547, 1.939244, 2.990011, 4.038525, 
0.979547, 1.939244, 2.990011, 4.038525, 
0.979547, 1.939244, 2.990011, 4.038525, 
0.979547, 1.939244, 2.990011, 4.038525, 
0.979547, 1.939244, 2.990011, 4.038525, 
0.964486, 1.917601, 3.013003, 4.048836, 
0.964486, 1.917601, 3.013003, 4.048836, 
0.964486, 1.917601, 3.013003, 4.048836, 
0.964486, 1.917601, 3.013003, 4.048836, 
0.964486, 1.917601, 3.013003, 4.048836, 
1.032123, 1.937138, 3.018967, 4.021651, 
1.032123, 1.937138, 3.018967, 4.021651, 
1.032123, 1.937138, 3.018967, 4.021651, 
0.995590, 1.947129, 3.022452, 4.026123, 
0.995590, 1.947129, 3.022452, 4.026123, 
0.995590, 1.947129, 3.022452, 4.026123, 
0.995590, 1.947129, 3.022452, 4.026123, 
0.996071, 1.913541, 3.040340, 4.015173, 
1.018784, 1.942281, 2.969657, 4.039827, 
1.018784, 1.942281, 2.969657, 4.039827, 
1.018784, 1.942281, 2.969657, 4.039827, 
0.983635, 1.880769, 3.030392, 4.065818, 
1.012246, 1.898512, 3.006781, 4.054983, 
1.012246, 1.898512, 3.006781, 4.054983, 
1.047659, 1.914103, 2.979661, 4.045930, 
1.047659, 1.914103, 2.979661, 4.045930, 
1.047659, 1.914103, 2.979661, 4.045930, 
1.050227, 1.916536, 2.999844, 4.010324, 
0.997147, 1.961587, 3.017668, 4.018634, 
0.997147, 1.961587, 3.017668, 4.018634, 
0.997147, 1.961587, 3.017668, 4.018634, 
0.997147, 1.961587, 3.017668, 4.018634, 
0.997147, 1.961587, 3.017668, 4.018634, 
1.010565, 1.956629, 3.030065, 4.083288, 
1.010565, 1.956629, 3.030065, 4.083288, 
1.010565, 1.956629, 3.030065, 4.083288, 
1.010565, 1.956629, 3.030065, 4.083288, 
1.010565, 1.956629, 3.030065, 4.083288, 
1.010565, 1.956629, 3.030065, 4.083288, 
1.010565, 1.956629, 3.030065, 4.083288, 
1.010565, 1.956629, 3.030065, 4.083288, 
1.010565, 1.956629, 3.030065, 4.083288, 
1.010565, 1.956629, 3.030065, 4.083288, 
1.010565, 1.956629, 3.030065, 4.083288, 
1.010565, 1.956629, 3.030065, 4.083288, 
1.010565, 1.956629, 3.030065, 4.083288, 
1.010565, 1.956629, 3.030065, 4.083288, 
1.002798, 1.945054, 3.003324, 4.050189, 
1.002798, 1.945054, 3.003324, 4.050189, 
1.002798, 1.945054, 3.003324, 4.050189, 
0.971428, 1.953851, 3.036698, 4.047599, 
0.971428, 1.953851, 3.036698, 4.047599, 
0.971428, 1.953851, 3.036698, 4.047599, 
0.971428, 1.953851, 3.036698, 4.047599, 
0.971428, 1.953851, 3.036698, 4.047599, 
0.971428, 1.953851, 3.036698, 4.047599, 
0.967442, 1.937118, 3.005944, 4.025878, 
0.978323, 1.951548, 2.985143, 4.025422, 
0.978323, 1.951548, 2.985143, 4.025422, 
0.977707, 1.952566, 3.003779, 4.045835, 
0.977707, 1.952566, 3.003779, 4.045835, 
0.977707, 1.952566, 3.003779, 4.045835, 
0.977707, 1.952566, 3.003779, 4.045835, 
0.977707, 1.952566, 3.003779, 4.045835, 
0.977707, 1.952566, 3.003779, 4.045835, 
0.977707, 1.952566, 3.003779, 4.045835, 
0.977707, 1.952566, 3.003779, 4.045835, 
0.977707, 1.952566, 3.003779, 4.045835, 
0.977707, 1.952566, 3.003779, 4.045835, 
0.977707, 1.952566, 3.003779, 4.045835, 
0.977707, 1.952566, 3.003779, 4.045835, 
0.977707, 1.952566, 3.003779, 4.045835, 
0.977707, 1.952566, 3.003779, 4.045835, 
0.977707, 1.952566, 3.003779, 4.045835, 
0.977707, 1.952566, 3.003779, 4.045835, 
0.976465, 1.936852, 3.027034, 4.011380, 
1.010271, 1.913376, 3.008520, 4.004843, 
1.010271, 1.913376, 3.008520, 4.004843, 
1.010271, 1.913376, 3.008520, 4.004843, 
1.010271, 1.913376, 3.008520, 4.004843, 
1.010271, 1.913376, 3.008520, 4.004843, 
1.010271, 1.913376, 3.008520, 4.004843, 
1.010271, 1.913376, 3.008520, 4.004843, 
1.002442, 1.916611, 3.021348, 4.003068, 
1.002442, 1.916611, 3.021348, 4.003068, 
1.002442, 1.916611, 3.021348, 4.003068, 
1.009293, 1.913798, 3.057663, 4.026668, 
1.009293, 1.913798, 3.057663, 4.026668, 
1.009293, 1.913798, 3.057663, 4.026668, 
1.009293, 1.913798, 3.057663, 4.026668, 
1.009293, 1.913798, 3.057663, 4.026668, 
1.009293, 1.913798, 3.057663, 4.026668, 
1.019926, 1.932955, 3.002479, 4.035267, 
1.019926, 1.932955, 3.002479, 4.035267, 
1.019926, 1.932955, 3.002479, 4.035267, 
1.048913, 1.973211, 3.002002, 3.994839, 
1.004862, 1.948999, 2.999780, 3.991229, 
1.025535, 1.963057, 3.018258, 4.010964, 
1.025535, 1.963057, 3.018258, 4.010964, 
1.025535, 1.963057, 3.018258, 4.010964, 
1.025535, 1.963057, 3.018258, 4.010964, 
1.025535, 1.963057, 3.018258, 4.010964, 
1.025535, 1.963057, 3.018258, 4.010964, 
1.025443, 1.961940, 2.980370, 4.024471, 
1.025443, 1.961940, 2.980370, 4.024471, 
1.025443, 1.961940, 2.980370, 4.024471, 
1.025443, 1.961940, 2.980370, 4.024471, 
1.031960, 1.953794, 2.992689, 4.061787, 
1.031960, 1.953794, 2.992689, 4.061787, 
1.031960, 1.953794, 2.992689, 4.061787, 
1.031960, 1.953794, 2.992689, 4.061787, 
0.984688, 1.959968, 2.972118, 4.026736, 
0.970414, 2.009275, 3.010550, 4.064307, 
0.970414, 2.009275, 3.010550, 4.064307, 
0.970414, 2.009275, 3.010550, 4.064307, 
0.970414, 2.009275, 3.010550, 4.064307, 
0.978025, 2.008557, 2.996097, 4.064378, 
1.025412, 2.002606, 3.001997, 3.998540, 
1.025412, 2.002606, 3.001997, 3.998540, 
0.982293, 1.988817, 2.987710, 4.023207, 
0.982293, 1.988817, 2.987710, 4.023207, 
0.982293, 1.988817, 2.987710, 4.023207, 
0.972828, 1.979381, 2.967433, 4.024998, 
0.972828, 1.979381, 2.967433, 4.024998, 
0.961471, 1.990851, 3.011905, 4.019772, 
0.961471, 1.990851, 3.011905, 4.019772, 
0.961471, 1.990851, 3.011905, 4.019772, 
0.961471, 1.990851, 3.011905, 4.019772, 
0.961471, 1.990851, 3.011905, 4.019772, 
0.961471, 1.990851, 3.011905, 4.019772, 
0.961471, 1.990851, 3.011905, 4.019772, 
0.961471, 1.990851, 3.011905, 4.019772, 
0.981534, 1.989677, 3.023314, 4.017573, 
0.977036, 1.973399, 2.991667, 4.024073, 
0.930804, 1.950806, 2.981430, 4.037225, 
0.930804, 1.950806, 2.981430, 4.037225, 
0.965101, 2.006475, 3.029212, 4.039647, 
0.959708, 2.031034, 3.062388, 4.029498, 
0.956519, 2.045996, 3.082572, 4.023426, 
0.999903, 2.022711, 3.056210, 4.010776, 
0.990488, 2.035327, 3.054820, 4.042988, 
0.990488, 2.035327, 3.054820, 4.042988, 
0.990488, 2.035327, 3.054820, 4.042988, 
0.979336, 1.976553, 3.049567, 4.017300, 
1.020267, 1.954223, 3.022355, 4.019525, 
1.019957, 1.968288, 3.017647, 4.044068, 
1.019957, 1.968288, 3.017647, 4.044068, 
0.982625, 1.958956, 3.010449, 4.058190, 
0.982625, 1.958956, 3.010449, 4.058190, 
1.009414, 1.961610, 3.041554, 4.035330, 
1.009414, 1.961610, 3.041554, 4.035330, 
0.944623, 1.931093, 3.055449, 4.021783, 
0.936022, 1.923501, 3.079000, 4.000709, 
0.976608, 1.923255, 3.070508, 4.012880, 
0.976608, 1.923255, 3.070508, 4.012880, 
0.976608, 1.923255, 3.070508, 4.012880, 
0.961802, 1.946230, 3.045372, 4.055832, 
0.961802, 1.946230, 3.045372, 4.055832, 
0.961802, 1.946230, 3.045372, 4.055832, 
0.961802, 1.946230, 3.045372, 4.055832, 
0.951984, 1.954154, 3.036455, 4.070200, 
0.931209, 2.016271, 3.007777, 4.082262, 
0.955513, 2.001577, 2.954800, 4.094869, 
0.955513, 2.001577, 2.954800, 4.094869, 
1.027780, 1.963669, 3.002746, 4.123852, 
1.032524, 1.917289, 3.011360, 4.108738, 
1.032524, 1.917289, 3.011360, 4.108738, 
0.974426, 1.945894, 2.974080, 4.112356, 
1.000447, 1.964173, 2.983596, 4.115212, 
1.000447, 1.964173, 2.983596, 4.115212, 
1.018516, 1.962650, 2.972942, 4.118644, 
1.018516, 1.962650, 2.972942, 4.118644, 
1.001616, 1.977091, 2.954592, 4.087928, 
1.036897, 1.938484, 2.991815, 4.092971, 
1.031463, 1.941409, 3.009217, 4.079054, 
0.984255, 1.983268, 3.040292, 4.073334, 
0.984255, 1.983268, 3.040292, 4.073334, 
0.984255, 1.983268, 3.040292, 4.073334, 
0.984255, 1.983268, 3.040292, 4.073334, 
1.002907, 1.947338, 3.063414, 4.041288, 
0.990672, 1.985086, 3.062332, 4.033647, 
0.990672, 1.985086, 3.062332, 4.033647, 
0.990672, 1.985086, 3.062332, 4.033647, 
0.990672, 1.985086, 3.062332, 4.033647, 
0.990672, 1.985086, 3.062332, 4.033647, 
1.004598, 1.989976, 3.026148, 4.058449, 
1.004598, 1.989976, 3.026148, 4.058449, 
1.004598, 1.989976, 3.026148, 4.058449, 
1.004598, 1.989976, 3.026148, 4.058449, 
1.004598, 1.989976, 3.026148, 4.058449, 
0.979091, 1.965920, 3.037129, 4.047504, 
0.979091, 1.965920, 3.037129, 4.047504, 
0.979091, 1.965920, 3.037129, 4.047504, 
0.979091, 1.965920, 3.037129, 4.047504, 
0.947191, 1.953033, 3.052397, 4.077660, 
0.947191, 1.953033, 3.052397, 4.077660, 
0.947191, 1.953033, 3.052397, 4.077660, 
0.984459, 1.985603, 3.051330, 4.073280, 
0.984459, 1.985603, 3.051330, 4.073280, 
0.984459, 1.985603, 3.051330, 4.073280, 
0.983955, 1.970635, 3.082188, 4.077410, 
0.983955, 1.970635, 3.082188, 4.077410, 
0.983955, 1.970635, 3.082188, 4.077410, 
0.983955, 1.970635, 3.082188, 4.077410, 
0.983955, 1.970635, 3.082188, 4.077410, 
0.983955, 1.970635, 3.082188, 4.077410, 
0.983955, 1.970635, 3.082188, 4.077410, 
0.983955, 1.970635, 3.082188, 4.077410, 
0.983955, 1.970635, 3.082188, 4.077410, 
0.983955, 1.970635, 3.082188, 4.077410, 
0.979553, 1.930649, 3.099587, 4.074666, 
0.979553, 1.930649, 3.099587, 4.074666, 
0.979553, 1.930649, 3.099587, 4.074666, 
0.979553, 1.930649, 3.099587, 4.074666, 
0.979553, 1.930649, 3.099587, 4.074666, 
0.979553, 1.930649, 3.099587, 4.074666, 
0.960874, 1.967604, 3.078404, 4.017385, 
0.960874, 1.967604, 3.078404, 4.017385, 
0.968595, 1.954773, 3.101116, 4.084269, 
0.968595, 1.954773, 3.101116, 4.084269, 
0.968595, 1.954773, 3.101116, 4.084269, 
0.968595, 1.954773, 3.101116, 4.084269, 
1.024389, 1.961000, 3.073371, 4.074245, 
1.024389, 1.961000, 3.073371, 4.074245, 
1.024389, 1.961000, 3.073371, 4.074245, 
1.024389, 1.961000, 3.073371, 4.074245, 
1.024389, 1.961000, 3.073371, 4.074245, 
1.024389, 1.961000, 3.073371, 4.074245, 
1.024389, 1.961000, 3.073371, 4.074245, 
1.024389, 1.961000, 3.073371, 4.074245, 
1.012477, 1.974712, 3.038221, 4.032952, 
0.993089, 1.933372, 2.998591, 4.072962, 
1.013124, 1.911518, 3.015582, 4.074603, 
1.013124, 1.911518, 3.015582, 4.074603, 
1.013237, 1.934465, 3.030059, 4.043995, 
1.013237, 1.934465, 3.030059, 4.043995, 
1.013237, 1.934465, 3.030059, 4.043995, 
1.013237, 1.934465, 3.030059, 4.043995, 
1.007702, 1.939772, 3.033915, 4.051790, 
1.007702, 1.939772, 3.033915, 4.051790, 
1.007702, 1.939772, 3.033915, 4.051790, 
1.007702, 1.939772, 3.033915, 4.051790, 
1.007702, 1.939772, 3.033915, 4.051790, 
1.007702, 1.939772, 3.033915, 4.051790, 
1.007702, 1.939772, 3.033915, 4.051790, 
1.007702, 1.939772, 3.033915, 4.051790, 
1.007702, 1.939772, 3.033915, 4.051790, 
1.007702, 1.939772, 3.033915, 4.051790, 
1.017089, 1.942025, 3.009500, 4.008101, 
1.017089, 1.942025, 3.009500, 4.008101, 
1.017089, 1.942025, 3.009500, 4.008101, 
1.017089, 1.942025, 3.009500, 4.008101, 
1.017089, 1.942025, 3.009500, 4.008101, 
1.017089, 1.942025, 3.009500, 4.008101, 
1.017089, 1.942025, 3.009500, 4.008101, 
1.017089, 1.942025, 3.009500, 4.008101, 
1.017089, 1.942025, 3.009500, 4.008101, 
1.017089, 1.942025, 3.009500, 4.008101, 
1.017089, 1.942025, 3.009500, 4.008101, 
1.017089, 1.942025, 3.009500, 4.008101, 
1.017089, 1.942025, 3.009500, 4.008101, 
1.017089, 1.942025, 3.009500, 4.008101, 
1.017089, 1.942025, 3.009500, 4.008101, 
1.017089, 1.942025, 3.009500, 4.008101, 
1.017089, 1.942025, 3.009500, 4.008101, 
1.017089, 1.942025, 3.009500, 4.008101, 
1.009029, 1.945716, 3.005579, 4.017677, 
1.009029, 1.945716, 3.005579, 4.017677, 
0.987732, 1.931387, 3.026694, 4.026550, 
0.987732, 1.931387, 3.026694, 4.026550, 
0.987732, 1.931387, 3.026694, 4.026550, 
0.987732, 1.931387, 3.026694, 4.026550, 
0.987732, 1.931387, 3.026694, 4.026550, 
0.987732, 1.931387, 3.026694, 4.026550, 
0.987732, 1.931387, 3.026694, 4.026550, 
0.987732, 1.931387, 3.026694, 4.026550, 
0.987732, 1.931387, 3.026694, 4.026550, 
0.977039, 1.933346, 3.026791, 4.013173, 
0.977039, 1.933346, 3.026791, 4.013173, 
0.977039, 1.933346, 3.026791, 4.013173, 
0.977039, 1.933346, 3.026791, 4.013173, 
0.977039, 1.933346, 3.026791, 4.013173, 
0.977039, 1.933346, 3.026791, 4.013173, 
0.995210, 1.933952, 3.000519, 4.045957, 
1.010050, 1.924806, 2.973352, 4.039683, 
1.010050, 1.924806, 2.973352, 4.039683, 
0.961487, 1.972019, 2.995653, 3.995762, 
0.961487, 1.972019, 2.995653, 3.995762, 
0.961487, 1.972019, 2.995653, 3.995762, 
0.961487, 1.972019, 2.995653, 3.995762, 
0.961487, 1.972019, 2.995653, 3.995762, 
0.983035, 1.971878, 3.012015, 4.001053, 
0.983035, 1.971878, 3.012015, 4.001053, 
0.997059, 1.907338, 3.000574, 4.005382, 
0.997059, 1.907338, 3.000574, 4.005382, 
0.997059, 1.907338, 3.000574, 4.005382, 
0.997059, 1.907338, 3.000574, 4.005382, 
0.997059, 1.907338, 3.000574, 4.005382, 
0.997059, 1.907338, 3.000574, 4.005382, 
0.997059, 1.907338, 3.000574, 4.005382, 
0.997059, 1.907338, 3.000574, 4.005382, 
0.997059, 1.907338, 3.000574, 4.005382, 
0.998567, 1.906902, 3.016636, 4.006837, 
0.989866, 1.950168, 3.002564, 4.003260, 
0.975999, 1.943483, 3.041972, 4.021669, 
0.970004, 1.926152, 3.034884, 4.054344, 
0.970004, 1.926152, 3.034884, 4.054344, 
0.970004, 1.926152, 3.034884, 4.054344, 
0.979014, 1.960537, 3.004742, 4.057227, 
0.970223, 1.930373, 2.978974, 4.043190, 
0.985088, 1.972065, 2.994511, 4.026793, 
1.041240, 2.013417, 3.036296, 4.033381, 
0.991580, 2.003443, 3.076085, 4.023888, 
0.959571, 1.964496, 3.094682, 4.035974, 
0.959571, 1.964496, 3.094682, 4.035974, 
0.959571, 1.964496, 3.094682, 4.035974, 
0.959571, 1.964496, 3.094682, 4.035974, 
0.959571, 1.964496, 3.094682, 4.035974, 
0.927822, 1.936303, 3.000849, 4.058367, 
0.927822, 1.936303, 3.000849, 4.058367, 
0.977174, 1.958242, 2.992526, 4.058136, 
0.977174, 1.958242, 2.992526, 4.058136, 
0.977174, 1.958242, 2.992526, 4.058136, 
0.977174, 1.958242, 2.992526, 4.058136, 
0.977174, 1.958242, 2.992526, 4.058136, 
0.951325, 1.935588, 3.034729, 4.052074, 
0.951325, 1.935588, 3.034729, 4.052074, 
0.951325, 1.935588, 3.034729, 4.052074, 
0.951325, 1.935588, 3.034729, 4.052074, 
0.951325, 1.935588, 3.034729, 4.052074, 
0.951325, 1.935588, 3.034729, 4.052074, 
0.951325, 1.935588, 3.034729, 4.052074, 
0.951325, 1.935588, 3.034729, 4.052074, 
0.951325, 1.935588, 3.034729, 4.052074, 
0.951325, 1.935588, 3.034729, 4.052074, 
0.951325, 1.935588, 3.034729, 4.052074, 
0.951325, 1.935588, 3.034729, 4.052074, 
0.951325, 1.935588, 3.034729, 4.052074, 
0.951325, 1.935588, 3.034729, 4.052074, 
0.991160, 1.949298, 3.006727, 4.095201, 
0.991160, 1.949298, 3.006727, 4.095201, 
1.032082, 1.935125, 3.012089, 4.083008, 
1.032082, 1.935125, 3.012089, 4.083008, 
1.032082, 1.935125, 3.012089, 4.083008, 
1.032082, 1.935125, 3.012089, 4.083008, 
1.032082, 1.935125, 3.012089, 4.083008, 
1.032082, 1.935125, 3.012089, 4.083008, 
1.032082, 1.935125, 3.012089, 4.083008, 
1.031602, 1.955738, 3.012761, 4.067513, 
1.031602, 1.955738, 3.012761, 4.067513, 
1.031602, 1.955738, 3.012761, 4.067513, 
1.031602, 1.955738, 3.012761, 4.067513, 
1.031602, 1.955738, 3.012761, 4.067513, 
1.031602, 1.955738, 3.012761, 4.067513, 
1.031602, 1.955738, 3.012761, 4.067513, 
1.031602, 1.955738, 3.012761, 4.067513, 
1.031602, 1.955738, 3.012761, 4.067513, 
1.031602, 1.955738, 3.012761, 4.067513, 
1.023919, 1.952077, 2.972493, 4.060646, 
1.042414, 1.964126, 3.015286, 4.092718, 
1.028558, 1.989239, 3.029826, 4.082056, 
1.028558, 1.989239, 3.029826, 4.082056, 
1.028558, 1.989239, 3.029826, 4.082056, 
1.028558, 1.989239, 3.029826, 4.082056, 
1.037943, 1.970749, 3.039479, 4.082737, 
1.037943, 1.970749, 3.039479, 4.082737, 
1.011809, 1.945599, 2.992425, 4.067133, 
1.011809, 1.945599, 2.992425, 4.067133, 
1.011809, 1.945599, 2.992425, 4.067133, 
1.011809, 1.945599, 2.992425, 4.067133, 
1.011809, 1.945599, 2.992425, 4.067133, 
1.003458, 1.934907, 2.988554, 4.066846, 
1.003458, 1.934907, 2.988554, 4.066846, 
1.003458, 1.934907, 2.988554, 4.066846, 
1.003458, 1.934907, 2.988554, 4.066846, 
0.989816, 1.932923, 2.984380, 4.076912, 
0.989816, 1.932923, 2.984380, 4.076912, 
0.989816, 1.932923, 2.984380, 4.076912, 
0.989816, 1.932923, 2.984380, 4.076912, 
0.991498, 1.944986, 3.007374, 4.102545, 
0.991498, 1.944986, 3.007374, 4.102545, 
0.991498, 1.944986, 3.007374, 4.102545, 
0.991498, 1.944986, 3.007374, 4.102545, 
