-19.005948, -6.649352, -5.637296, 0.776782, 
-0.803573, -0.398735, -6.797325, 4.723492, 
13.400462, -15.048597, -6.853622, 21.815126, 
13.400462, -15.048597, -6.853622, 21.815126, 
13.400462, -15.048597, -6.853622, 21.815126, 
13.400462, -15.048597, -6.853622, 21.815126, 
13.400462, -15.048597, -6.853622, 21.815126, 
13.400462, -15.048597, -6.853622, 21.815126, 
13.400462, -15.048597, -6.853622, 21.815126, 
13.400462, -15.048597, -6.853622, 21.815126, 
13.400462, -15.048597, -6.853622, 21.815126, 
13.400462, -15.048597, -6.853622, 21.815126, 
13.400462, -15.048597, -6.853622, 21.815126, 
13.400462, -15.048597, -6.853622, 21.815126, 
13.274297, -15.089786, -6.965316, 21.909740, 
13.274297, -15.089786, -6.965316, 21.909740, 
13.274297, -15.089786, -6.965316, 21.909740, 
13.274297, -15.089786, -6.965316, 21.909740, 
-7.351579, -4.673511, 8.827527, 15.440715, 
-7.351579, -4.673511, 8.827527, 15.440715, 
-7.351579, -4.673511, 8.827527, 15.440715, 
-1.315185, -1.314866, 5.772424, 11.079057, 
-1.315185, -1.314866, 5.772424, 11.079057, 
-7.794668, -2.898379, 9.349031, 9.434882, 
-7.794668, -2.898379, 9.349031, 9.434882, 
-7.794668, -2.898379, 9.349031, 9.434882, 
-7.794668, -2.898379, 9.349031, 9.434882, 
-7.794668, -2.898379, 9.349031, 9.434882, 
-7.794668, -2.898379, 9.349031, 9.434882, 
-7.794668, -2.898379, 9.349031, 9.434882, 
-7.794668, -2.898379, 9.349031, 9.434882, 
-1.482680, 6.391760, 0.298987, 8.584989, 
-10.774132, -9.422877, 16.360052, 16.546568, 
-10.774132, -9.422877, 16.360052, 16.546568, 
-10.774132, -9.422877, 16.360052, 16.546568, 
-10.774132, -9.422877, 16.360052, 16.546568, 
-10.774132, -9.422877, 16.360052, 16.546568, 
-10.104785, -9.387016, 15.192819, 15.521343, 
-10.104785, -9.387016, 15.192819, 15.521343, 
-10.104785, -9.387016, 15.192819, 15.521343, 
-10.104785, -9.387016, 15.192819, 15.521343, 
-10.139412, -9.388397, 15.198127, 15.612759, 
-10.139412, -9.388397, 15.198127, 15.612759, 
-10.139412, -9.388397, 15.198127, 15.612759, 
-10.139412, -9.388397, 15.198127, 15.612759, 
-10.139412, -9.388397, 15.198127, 15.612759, 
-10.139412, -9.388397, 15.198127, 15.612759, 
-2.982295, 0.930049, 2.151896, 5.750872, 
-2.982295, 0.930049, 2.151896, 5.750872, 
-2.982295, 0.930049, 2.151896, 5.750872, 
-2.261598, 2.241275, 0.645200, 5.912571, 
-1.513518, -0.914390, 1.768249, 5.766161, 
-1.286891, 1.592740, 0.954359, 6.049531, 
-1.254614, 1.605836, 1.052368, 6.025369, 
-0.994314, 0.877122, 0.995640, 4.733398, 
-0.994314, 0.877122, 0.995640, 4.733398, 
-0.994314, 0.877122, 0.995640, 4.733398, 
-0.994314, 0.877122, 0.995640, 4.733398, 
-0.994314, 0.877122, 0.995640, 4.733398, 
-0.994314, 0.877122, 0.995640, 4.733398, 
-0.860541, 1.620835, 0.856740, 4.438242, 
-0.462444, 1.869539, 0.692874, 3.997999, 
-0.462444, 1.869539, 0.692874, 3.997999, 
-0.734720, 1.174962, 1.087522, 4.311312, 
-0.214813, 1.357768, 0.914500, 3.854663, 
-0.214813, 1.357768, 0.914500, 3.854663, 
-0.214813, 1.357768, 0.914500, 3.854663, 
-0.200358, 1.283662, 0.957164, 3.780315, 
-0.200358, 1.283662, 0.957164, 3.780315, 
0.583247, 1.829840, 0.967762, 4.013450, 
0.583247, 1.829840, 0.967762, 4.013450, 
0.583247, 1.829840, 0.967762, 4.013450, 
0.508546, 1.884049, 1.040696, 4.217338, 
0.485737, 1.746431, 1.097251, 4.267463, 
0.504939, 1.781222, 1.147476, 4.380015, 
0.907974, 1.564846, 1.192742, 4.223523, 
0.907974, 1.564846, 1.192742, 4.223523, 
0.912841, 1.550812, 1.227124, 4.306162, 
0.858896, 1.720612, 1.254267, 4.180860, 
0.968875, 1.577516, 1.355871, 4.305666, 
0.968875, 1.577516, 1.355871, 4.305666, 
1.072979, 1.611517, 1.382192, 4.294780, 
1.072979, 1.611517, 1.382192, 4.294780, 
1.072979, 1.611517, 1.382192, 4.294780, 
1.097220, 1.717064, 1.427383, 4.241388, 
0.903672, 1.842774, 1.535545, 4.180685, 
0.903672, 1.842774, 1.535545, 4.180685, 
0.919910, 1.796274, 1.544045, 4.207379, 
0.869444, 1.828606, 1.635095, 4.043817, 
0.917726, 1.946070, 1.655425, 4.042598, 
1.015621, 1.924997, 1.726599, 3.756377, 
0.992114, 1.833993, 1.705225, 3.959448, 
1.116377, 1.722977, 1.786904, 3.778331, 
1.014760, 1.718823, 1.938325, 4.036525, 
1.005571, 1.790034, 2.009642, 3.726497, 
1.005571, 1.790034, 2.009642, 3.726497, 
1.005571, 1.790034, 2.009642, 3.726497, 
0.851646, 1.952642, 2.154396, 3.946484, 
0.746083, 2.019793, 2.267163, 3.915822, 
0.520651, 2.208337, 2.469123, 3.973215, 
0.602569, 2.177756, 2.410563, 4.060604, 
0.602569, 2.177756, 2.410563, 4.060604, 
0.604645, 2.160374, 2.427031, 3.890694, 
0.604645, 2.160374, 2.427031, 3.890694, 
0.681065, 2.249614, 2.761332, 3.765459, 
0.696218, 2.288851, 2.867911, 3.911016, 
0.696218, 2.288851, 2.867911, 3.911016, 
0.696218, 2.288851, 2.867911, 3.911016, 
0.750718, 2.236803, 2.789407, 3.977570, 
0.750718, 2.236803, 2.789407, 3.977570, 
0.750718, 2.236803, 2.789407, 3.977570, 
0.750718, 2.236803, 2.789407, 3.977570, 
0.750718, 2.236803, 2.789407, 3.977570, 
0.750718, 2.236803, 2.789407, 3.977570, 
0.750718, 2.236803, 2.789407, 3.977570, 
0.750718, 2.236803, 2.789407, 3.977570, 
0.794194, 2.250270, 2.873197, 3.887949, 
0.794194, 2.250270, 2.873197, 3.887949, 
1.033199, 2.104354, 3.227171, 4.254390, 
0.863638, 2.153470, 3.215931, 4.163893, 
0.863638, 2.153470, 3.215931, 4.163893, 
0.866111, 2.080472, 3.107824, 4.132506, 
0.969979, 2.047533, 3.098552, 4.224845, 
0.969979, 2.047533, 3.098552, 4.224845, 
0.969979, 2.047533, 3.098552, 4.224845, 
0.975110, 2.060500, 3.113821, 3.991342, 
0.975110, 2.060500, 3.113821, 3.991342, 
0.975110, 2.060500, 3.113821, 3.991342, 
0.975110, 2.060500, 3.113821, 3.991342, 
0.975110, 2.060500, 3.113821, 3.991342, 
0.975110, 2.060500, 3.113821, 3.991342, 
0.975110, 2.060500, 3.113821, 3.991342, 
0.975110, 2.060500, 3.113821, 3.991342, 
0.947357, 2.061790, 3.026037, 4.001343, 
1.013603, 2.007173, 3.027976, 3.925754, 
1.013603, 2.007173, 3.027976, 3.925754, 
0.959332, 2.050125, 3.025435, 3.985577, 
0.959332, 2.050125, 3.025435, 3.985577, 
0.959332, 2.050125, 3.025435, 3.985577, 
0.959332, 2.050125, 3.025435, 3.985577, 
0.959332, 2.050125, 3.025435, 3.985577, 
0.959332, 2.050125, 3.025435, 3.985577, 
0.959332, 2.050125, 3.025435, 3.985577, 
0.959332, 2.050125, 3.025435, 3.985577, 
0.959332, 2.050125, 3.025435, 3.985577, 
0.959332, 2.050125, 3.025435, 3.985577, 
0.959332, 2.050125, 3.025435, 3.985577, 
0.959332, 2.050125, 3.025435, 3.985577, 
0.959332, 2.050125, 3.025435, 3.985577, 
0.959332, 2.050125, 3.025435, 3.985577, 
0.959332, 2.050125, 3.025435, 3.985577, 
0.959332, 2.050125, 3.025435, 3.985577, 
0.959332, 2.050125, 3.025435, 3.985577, 
0.933999, 1.961112, 3.021217, 3.938616, 
0.901294, 1.919320, 3.040266, 3.968708, 
0.901294, 1.919320, 3.040266, 3.968708, 
0.915946, 1.931487, 3.006108, 4.027315, 
0.915946, 1.931487, 3.006108, 4.027315, 
0.949150, 1.953136, 3.072761, 4.075797, 
0.949150, 1.953136, 3.072761, 4.075797, 
0.949150, 1.953136, 3.072761, 4.075797, 
0.949150, 1.953136, 3.072761, 4.075797, 
0.949150, 1.953136, 3.072761, 4.075797, 
0.949150, 1.953136, 3.072761, 4.075797, 
0.949150, 1.953136, 3.072761, 4.075797, 
0.949150, 1.953136, 3.072761, 4.075797, 
0.949150, 1.953136, 3.072761, 4.075797, 
0.949150, 1.953136, 3.072761, 4.075797, 
0.949150, 1.953136, 3.072761, 4.075797, 
0.966476, 1.950719, 3.045323, 4.088628, 
0.966476, 1.950719, 3.045323, 4.088628, 
0.966476, 1.950719, 3.045323, 4.088628, 
0.991921, 1.953126, 3.076173, 4.091796, 
0.963012, 1.966128, 3.095403, 4.077070, 
0.963012, 1.966128, 3.095403, 4.077070, 
0.941844, 1.956593, 3.072016, 4.057239, 
0.895791, 1.958717, 3.055778, 4.030227, 
0.895791, 1.958717, 3.055778, 4.030227, 
0.895791, 1.958717, 3.055778, 4.030227, 
0.916477, 1.958297, 3.101859, 4.031892, 
0.916477, 1.958297, 3.101859, 4.031892, 
0.916477, 1.958297, 3.101859, 4.031892, 
0.916477, 1.958297, 3.101859, 4.031892, 
0.916477, 1.958297, 3.101859, 4.031892, 
0.961468, 1.944073, 3.120564, 4.035651, 
0.961468, 1.944073, 3.120564, 4.035651, 
0.961468, 1.944073, 3.120564, 4.035651, 
0.961468, 1.944073, 3.120564, 4.035651, 
0.923400, 1.957647, 3.099059, 4.039653, 
0.923400, 1.957647, 3.099059, 4.039653, 
0.962999, 1.953074, 3.057981, 4.047569, 
0.984102, 1.947444, 3.006699, 4.069025, 
0.984102, 1.947444, 3.006699, 4.069025, 
0.984102, 1.947444, 3.006699, 4.069025, 
0.984102, 1.947444, 3.006699, 4.069025, 
0.984102, 1.947444, 3.006699, 4.069025, 
0.984102, 1.947444, 3.006699, 4.069025, 
0.984102, 1.947444, 3.006699, 4.069025, 
0.984102, 1.947444, 3.006699, 4.069025, 
0.984773, 1.940697, 3.039995, 4.043334, 
0.971045, 1.941534, 3.024702, 4.031488, 
0.987419, 1.933963, 3.010803, 4.026931, 
0.987419, 1.933963, 3.010803, 4.026931, 
0.987419, 1.933963, 3.010803, 4.026931, 
0.987419, 1.933963, 3.010803, 4.026931, 
1.005112, 1.957715, 3.024338, 4.078399, 
1.005112, 1.957715, 3.024338, 4.078399, 
1.005112, 1.957715, 3.024338, 4.078399, 
1.005112, 1.957715, 3.024338, 4.078399, 
1.005112, 1.957715, 3.024338, 4.078399, 
1.005112, 1.957715, 3.024338, 4.078399, 
1.005112, 1.957715, 3.024338, 4.078399, 
1.005112, 1.957715, 3.024338, 4.078399, 
1.036213, 1.950925, 3.029697, 4.082159, 
0.975544, 1.998390, 3.067868, 4.060621, 
0.975544, 1.998390, 3.067868, 4.060621, 
0.975544, 1.998390, 3.067868, 4.060621, 
0.949152, 1.995746, 3.035684, 4.064669, 
0.918548, 1.966691, 3.003381, 4.040826, 
0.945180, 1.966721, 3.025068, 4.013311, 
0.945180, 1.966721, 3.025068, 4.013311, 
0.945180, 1.966721, 3.025068, 4.013311, 
0.947295, 1.976762, 3.020841, 4.013454, 
0.933485, 1.957537, 3.018591, 4.035447, 
0.933485, 1.957537, 3.018591, 4.035447, 
0.933485, 1.957537, 3.018591, 4.035447, 
0.933485, 1.957537, 3.018591, 4.035447, 
0.924224, 1.972855, 3.027451, 4.035728, 
0.948868, 1.993431, 2.985997, 4.069626, 
0.943547, 1.979685, 2.993897, 4.085095, 
0.943547, 1.979685, 2.993897, 4.085095, 
0.943547, 1.979685, 2.993897, 4.085095, 
0.943547, 1.979685, 2.993897, 4.085095, 
0.943547, 1.979685, 2.993897, 4.085095, 
0.943547, 1.979685, 2.993897, 4.085095, 
0.943547, 1.979685, 2.993897, 4.085095, 
1.013397, 1.965645, 3.005827, 4.062946, 
1.013397, 1.965645, 3.005827, 4.062946, 
1.013397, 1.965645, 3.005827, 4.062946, 
1.013397, 1.965645, 3.005827, 4.062946, 
1.001134, 1.926612, 3.042672, 4.037975, 
1.001134, 1.926612, 3.042672, 4.037975, 
1.005000, 1.916483, 3.025052, 4.069446, 
1.005000, 1.916483, 3.025052, 4.069446, 
1.005000, 1.916483, 3.025052, 4.069446, 
1.005000, 1.916483, 3.025052, 4.069446, 
1.005000, 1.916483, 3.025052, 4.069446, 
1.017021, 1.923102, 3.012073, 4.095879, 
0.971322, 1.911271, 2.954018, 4.067665, 
0.971322, 1.911271, 2.954018, 4.067665, 
0.971322, 1.911271, 2.954018, 4.067665, 
0.985560, 1.901392, 2.980559, 4.062555, 
0.993446, 1.930642, 2.974853, 4.054512, 
0.993446, 1.930642, 2.974853, 4.054512, 
0.993446, 1.930642, 2.974853, 4.054512, 
0.993446, 1.930642, 2.974853, 4.054512, 
0.992695, 1.948834, 2.967091, 4.043124, 
0.992695, 1.948834, 2.967091, 4.043124, 
0.992695, 1.948834, 2.967091, 4.043124, 
0.974737, 1.982760, 2.971857, 4.026346, 
0.974737, 1.982760, 2.971857, 4.026346, 
0.994385, 1.923708, 2.934496, 4.064001, 
0.978039, 1.921485, 2.963500, 4.042700, 
1.016239, 1.897581, 3.009089, 4.057575, 
1.016239, 1.897581, 3.009089, 4.057575, 
0.984325, 1.949134, 3.005803, 4.037336, 
0.984325, 1.949134, 3.005803, 4.037336, 
0.971808, 1.980089, 3.019545, 4.057766, 
0.971808, 1.980089, 3.019545, 4.057766, 
0.930372, 1.977440, 3.019804, 4.041558, 
0.959984, 1.960455, 3.074177, 4.074110, 
0.959984, 1.960455, 3.074177, 4.074110, 
0.959984, 1.960455, 3.074177, 4.074110, 
0.930458, 1.997119, 3.058438, 4.079392, 
0.953683, 2.007505, 3.048635, 4.088107, 
0.953683, 2.007505, 3.048635, 4.088107, 
0.973445, 1.937779, 3.055131, 4.072326, 
0.973445, 1.937779, 3.055131, 4.072326, 
0.973445, 1.937779, 3.055131, 4.072326, 
0.973445, 1.937779, 3.055131, 4.072326, 
0.973445, 1.937779, 3.055131, 4.072326, 
0.973445, 1.937779, 3.055131, 4.072326, 
0.973445, 1.937779, 3.055131, 4.072326, 
1.008685, 1.889103, 3.042504, 4.057892, 
1.008685, 1.889103, 3.042504, 4.057892, 
0.971926, 1.917353, 3.031188, 4.063190, 
0.971926, 1.917353, 3.031188, 4.063190, 
0.971926, 1.917353, 3.031188, 4.063190, 
0.972394, 1.899046, 3.025820, 4.038238, 
0.972394, 1.899046, 3.025820, 4.038238, 
0.946042, 1.927778, 2.987263, 4.074763, 
0.977349, 1.929440, 3.017231, 4.016020, 
0.977349, 1.929440, 3.017231, 4.016020, 
0.977349, 1.929440, 3.017231, 4.016020, 
0.977349, 1.929440, 3.017231, 4.016020, 
0.977349, 1.929440, 3.017231, 4.016020, 
0.942946, 1.940934, 3.029322, 3.986574, 
0.942946, 1.940934, 3.029322, 3.986574, 
0.942946, 1.940934, 3.029322, 3.986574, 
0.942946, 1.940934, 3.029322, 3.986574, 
0.942946, 1.940934, 3.029322, 3.986574, 
0.942946, 1.940934, 3.029322, 3.986574, 
0.942946, 1.940934, 3.029322, 3.986574, 
0.942946, 1.940934, 3.029322, 3.986574, 
0.942946, 1.940934, 3.029322, 3.986574, 
0.942946, 1.940934, 3.029322, 3.986574, 
0.994381, 1.914548, 2.973600, 4.004812, 
0.994381, 1.914548, 2.973600, 4.004812, 
0.994381, 1.914548, 2.973600, 4.004812, 
0.980072, 1.949026, 2.966114, 4.031406, 
0.994971, 1.908163, 2.994871, 4.049466, 
0.994971, 1.908163, 2.994871, 4.049466, 
0.994971, 1.908163, 2.994871, 4.049466, 
0.994971, 1.908163, 2.994871, 4.049466, 
0.994971, 1.908163, 2.994871, 4.049466, 
0.994971, 1.908163, 2.994871, 4.049466, 
0.994971, 1.908163, 2.994871, 4.049466, 
0.994971, 1.908163, 2.994871, 4.049466, 
0.994971, 1.908163, 2.994871, 4.049466, 
0.994971, 1.908163, 2.994871, 4.049466, 
0.994971, 1.908163, 2.994871, 4.049466, 
0.994971, 1.908163, 2.994871, 4.049466, 
0.994971, 1.908163, 2.994871, 4.049466, 
0.994971, 1.908163, 2.994871, 4.049466, 
0.994971, 1.908163, 2.994871, 4.049466, 
0.999301, 1.918092, 2.994465, 4.022879, 
1.021894, 1.914543, 3.020129, 4.034259, 
0.984005, 1.933949, 2.985314, 4.058843, 
0.984005, 1.933949, 2.985314, 4.058843, 
0.984005, 1.933949, 2.985314, 4.058843, 
0.984005, 1.933949, 2.985314, 4.058843, 
0.984005, 1.933949, 2.985314, 4.058843, 
0.984005, 1.933949, 2.985314, 4.058843, 
0.984005, 1.933949, 2.985314, 4.058843, 
0.984005, 1.933949, 2.985314, 4.058843, 
0.985927, 1.933432, 2.998128, 4.055592, 
0.985927, 1.933432, 2.998128, 4.055592, 
0.985927, 1.933432, 2.998128, 4.055592, 
0.985927, 1.933432, 2.998128, 4.055592, 
0.985927, 1.933432, 2.998128, 4.055592, 
0.985927, 1.933432, 2.998128, 4.055592, 
0.985927, 1.933432, 2.998128, 4.055592, 
0.985927, 1.933432, 2.998128, 4.055592, 
0.985927, 1.933432, 2.998128, 4.055592, 
0.985927, 1.933432, 2.998128, 4.055592, 
0.985927, 1.933432, 2.998128, 4.055592, 
0.985927, 1.933432, 2.998128, 4.055592, 
0.985927, 1.933432, 2.998128, 4.055592, 
0.985927, 1.933432, 2.998128, 4.055592, 
0.985927, 1.933432, 2.998128, 4.055592, 
0.978009, 1.921849, 3.008300, 4.014962, 
0.978009, 1.921849, 3.008300, 4.014962, 
0.983637, 1.959999, 3.033049, 4.023568, 
0.983637, 1.959999, 3.033049, 4.023568, 
0.983637, 1.959999, 3.033049, 4.023568, 
0.983637, 1.959999, 3.033049, 4.023568, 
0.971159, 1.929951, 3.012505, 4.032001, 
0.971159, 1.929951, 3.012505, 4.032001, 
0.971159, 1.929951, 3.012505, 4.032001, 
0.971159, 1.929951, 3.012505, 4.032001, 
0.971159, 1.929951, 3.012505, 4.032001, 
0.971159, 1.929951, 3.012505, 4.032001, 
0.961356, 1.976236, 2.964149, 4.049305, 
0.961356, 1.976236, 2.964149, 4.049305, 
0.940128, 1.959534, 2.971298, 4.046677, 
0.945645, 1.933680, 2.971457, 4.068960, 
0.983326, 1.946105, 2.975292, 4.060476, 
0.983326, 1.946105, 2.975292, 4.060476, 
0.995412, 1.952234, 2.991950, 4.059101, 
0.995412, 1.952234, 2.991950, 4.059101, 
0.995412, 1.952234, 2.991950, 4.059101, 
0.995412, 1.952234, 2.991950, 4.059101, 
0.995412, 1.952234, 2.991950, 4.059101, 
0.995412, 1.952234, 2.991950, 4.059101, 
0.995412, 1.952234, 2.991950, 4.059101, 
0.995412, 1.952234, 2.991950, 4.059101, 
0.995412, 1.952234, 2.991950, 4.059101, 
0.995412, 1.952234, 2.991950, 4.059101, 
0.995412, 1.952234, 2.991950, 4.059101, 
0.995412, 1.952234, 2.991950, 4.059101, 
0.963109, 1.951306, 2.970504, 4.040776, 
0.986526, 1.937411, 2.990479, 4.045600, 
0.986526, 1.937411, 2.990479, 4.045600, 
0.986526, 1.937411, 2.990479, 4.045600, 
0.986526, 1.937411, 2.990479, 4.045600, 
0.986526, 1.937411, 2.990479, 4.045600, 
0.986526, 1.937411, 2.990479, 4.045600, 
1.022726, 1.928981, 3.039908, 4.033716, 
0.989817, 1.918004, 3.025872, 4.034256, 
0.989817, 1.918004, 3.025872, 4.034256, 
0.989817, 1.918004, 3.025872, 4.034256, 
0.989817, 1.918004, 3.025872, 4.034256, 
1.012055, 1.930559, 3.031141, 4.049645, 
1.012055, 1.930559, 3.031141, 4.049645, 
1.012055, 1.930559, 3.031141, 4.049645, 
1.012055, 1.930559, 3.031141, 4.049645, 
1.012055, 1.930559, 3.031141, 4.049645, 
1.012055, 1.930559, 3.031141, 4.049645, 
1.012055, 1.930559, 3.031141, 4.049645, 
1.012055, 1.930559, 3.031141, 4.049645, 
1.012055, 1.930559, 3.031141, 4.049645, 
1.012055, 1.930559, 3.031141, 4.049645, 
1.012055, 1.930559, 3.031141, 4.049645, 
1.012055, 1.930559, 3.031141, 4.049645, 
1.012055, 1.930559, 3.031141, 4.049645, 
1.012055, 1.930559, 3.031141, 4.049645, 
1.012055, 1.930559, 3.031141, 4.049645, 
0.989972, 1.945096, 3.024860, 4.051078, 
0.965049, 1.943960, 3.014773, 4.039134, 
0.986885, 1.920049, 2.997965, 4.006102, 
0.959916, 1.909253, 3.014654, 4.028077, 
0.959916, 1.909253, 3.014654, 4.028077, 
0.962360, 1.881023, 3.026956, 4.029699, 
0.963516, 1.879110, 3.004352, 4.001274, 
0.965371, 1.900512, 2.963945, 3.987643, 
0.965371, 1.900512, 2.963945, 3.987643, 
0.967632, 1.897247, 2.991618, 4.012845, 
0.967632, 1.897247, 2.991618, 4.012845, 
0.967632, 1.897247, 2.991618, 4.012845, 
0.937438, 1.917773, 3.017908, 3.967699, 
0.937438, 1.917773, 3.017908, 3.967699, 
0.937438, 1.917773, 3.017908, 3.967699, 
0.937438, 1.917773, 3.017908, 3.967699, 
0.991212, 1.903915, 2.981221, 3.982230, 
0.976589, 1.895974, 2.965544, 4.017326, 
0.993394, 1.876546, 3.000834, 4.053770, 
0.993394, 1.876546, 3.000834, 4.053770, 
0.993394, 1.876546, 3.000834, 4.053770, 
1.004267, 1.863341, 2.998913, 4.092248, 
1.013655, 1.871166, 2.980910, 4.126956, 
1.013655, 1.871166, 2.980910, 4.126956, 
1.013655, 1.871166, 2.980910, 4.126956, 
1.013655, 1.871166, 2.980910, 4.126956, 
1.013655, 1.871166, 2.980910, 4.126956, 
1.013655, 1.871166, 2.980910, 4.126956, 
1.000375, 1.898100, 2.976665, 4.098760, 
1.000375, 1.898100, 2.976665, 4.098760, 
0.993359, 1.956580, 3.042377, 4.107303, 
0.998003, 1.920611, 3.002681, 4.100217, 
0.998003, 1.920611, 3.002681, 4.100217, 
0.987443, 1.919860, 2.990017, 4.081094, 
0.987443, 1.919860, 2.990017, 4.081094, 
0.987443, 1.919860, 2.990017, 4.081094, 
0.987443, 1.919860, 2.990017, 4.081094, 
1.022407, 1.976451, 3.033356, 4.076529, 
1.022407, 1.976451, 3.033356, 4.076529, 
1.022407, 1.976451, 3.033356, 4.076529, 
0.977925, 1.987461, 3.028697, 4.068566, 
1.005885, 1.962551, 3.017493, 4.043319, 
1.005885, 1.962551, 3.017493, 4.043319, 
0.970528, 1.955438, 2.997642, 4.067696, 
0.970528, 1.955438, 2.997642, 4.067696, 
1.000992, 1.931605, 3.003243, 4.075156, 
1.000992, 1.931605, 3.003243, 4.075156, 
1.022482, 1.911453, 3.009723, 4.081603, 
1.022482, 1.911453, 3.009723, 4.081603, 
1.007521, 1.908763, 2.985775, 4.036739, 
1.007521, 1.908763, 2.985775, 4.036739, 
1.007521, 1.908763, 2.985775, 4.036739, 
1.007521, 1.908763, 2.985775, 4.036739, 
1.007521, 1.908763, 2.985775, 4.036739, 
1.007521, 1.908763, 2.985775, 4.036739, 
1.007521, 1.908763, 2.985775, 4.036739, 
1.007521, 1.908763, 2.985775, 4.036739, 
0.973577, 1.925612, 2.992654, 4.009704, 
0.973577, 1.925612, 2.992654, 4.009704, 
0.973577, 1.925612, 2.992654, 4.009704, 
0.973577, 1.925612, 2.992654, 4.009704, 
0.973577, 1.925612, 2.992654, 4.009704, 
0.973577, 1.925612, 2.992654, 4.009704, 
0.956384, 1.899479, 2.999558, 4.053873, 
0.956384, 1.899479, 2.999558, 4.053873, 
1.002500, 1.935573, 2.983915, 4.070451, 
1.002500, 1.935573, 2.983915, 4.070451, 
0.976229, 1.966859, 2.988230, 4.055140, 
0.968111, 1.995627, 2.998458, 4.043184, 
0.974392, 1.995996, 2.993320, 4.047851, 
0.974392, 1.995996, 2.993320, 4.047851, 
0.974392, 1.995996, 2.993320, 4.047851, 
0.974392, 1.995996, 2.993320, 4.047851, 
0.974448, 1.950315, 3.017385, 4.036407, 
0.960383, 1.950145, 3.006813, 4.041762, 
0.941210, 1.941757, 3.030526, 4.037852, 
0.941210, 1.941757, 3.030526, 4.037852, 
0.941210, 1.941757, 3.030526, 4.037852, 
0.941210, 1.941757, 3.030526, 4.037852, 
0.995971, 1.941082, 3.039072, 4.039142, 
0.995971, 1.941082, 3.039072, 4.039142, 
0.987771, 1.958492, 3.027098, 4.065824, 
0.987771, 1.958492, 3.027098, 4.065824, 
0.986475, 1.977323, 3.043572, 4.051828, 
0.986475, 1.977323, 3.043572, 4.051828, 
0.986475, 1.977323, 3.043572, 4.051828, 
0.947810, 1.944097, 3.044715, 4.023295, 
0.947810, 1.944097, 3.044715, 4.023295, 
0.924056, 1.965895, 3.050513, 4.049894, 
0.924056, 1.965895, 3.050513, 4.049894, 
0.924056, 1.965895, 3.050513, 4.049894, 
0.939760, 1.975408, 3.018127, 4.061723, 
0.939760, 1.975408, 3.018127, 4.061723, 
0.941230, 1.966804, 3.003994, 4.075836, 
0.930824, 1.972075, 2.995017, 4.105681, 
0.930824, 1.972075, 2.995017, 4.105681, 
0.937787, 1.936306, 2.994635, 4.099156, 
0.937787, 1.936306, 2.994635, 4.099156, 
0.937787, 1.936306, 2.994635, 4.099156, 
0.937787, 1.936306, 2.994635, 4.099156, 
0.937787, 1.936306, 2.994635, 4.099156, 
0.937787, 1.936306, 2.994635, 4.099156, 
0.941073, 1.956791, 2.994799, 4.073770, 
0.941073, 1.956791, 2.994799, 4.073770, 
0.941073, 1.956791, 2.994799, 4.073770, 
0.941073, 1.956791, 2.994799, 4.073770, 
0.941073, 1.956791, 2.994799, 4.073770, 
0.941073, 1.956791, 2.994799, 4.073770, 
0.941073, 1.956791, 2.994799, 4.073770, 
0.941073, 1.956791, 2.994799, 4.073770, 
0.941073, 1.956791, 2.994799, 4.073770, 
0.941073, 1.956791, 2.994799, 4.073770, 
0.942746, 1.935417, 3.013455, 4.091484, 
0.936571, 1.932705, 3.003033, 4.078453, 
0.936571, 1.932705, 3.003033, 4.078453, 
0.936674, 1.958317, 3.032917, 4.065080, 
0.936674, 1.958317, 3.032917, 4.065080, 
0.936674, 1.958317, 3.032917, 4.065080, 
0.936674, 1.958317, 3.032917, 4.065080, 
0.967952, 1.968049, 2.984857, 4.056148, 
0.967952, 1.968049, 2.984857, 4.056148, 
0.967952, 1.968049, 2.984857, 4.056148, 
0.967952, 1.968049, 2.984857, 4.056148, 
0.967952, 1.968049, 2.984857, 4.056148, 
0.974661, 1.917597, 2.975225, 4.016127, 
0.961799, 1.955061, 3.029471, 4.048071, 
0.961799, 1.955061, 3.029471, 4.048071, 
0.961799, 1.955061, 3.029471, 4.048071, 
0.961799, 1.955061, 3.029471, 4.048071, 
0.961799, 1.955061, 3.029471, 4.048071, 
0.961799, 1.955061, 3.029471, 4.048071, 
0.961799, 1.955061, 3.029471, 4.048071, 
0.961799, 1.955061, 3.029471, 4.048071, 
0.961799, 1.955061, 3.029471, 4.048071, 
0.961799, 1.955061, 3.029471, 4.048071, 
0.961799, 1.955061, 3.029471, 4.048071, 
0.961799, 1.955061, 3.029471, 4.048071, 
0.961799, 1.955061, 3.029471, 4.048071, 
0.961799, 1.955061, 3.029471, 4.048071, 
0.961799, 1.955061, 3.029471, 4.048071, 
0.978062, 1.942707, 2.997103, 4.051557, 
0.978062, 1.942707, 2.997103, 4.051557, 
0.978062, 1.942707, 2.997103, 4.051557, 
0.970666, 1.922673, 2.981784, 4.047537, 
0.963210, 1.899996, 2.964786, 4.044146, 
0.963210, 1.899996, 2.964786, 4.044146, 
0.963210, 1.899996, 2.964786, 4.044146, 
0.963210, 1.899996, 2.964786, 4.044146, 
0.963899, 1.913766, 2.969950, 4.006726, 
0.963899, 1.913766, 2.969950, 4.006726, 
0.965691, 1.923690, 2.927468, 4.017805, 
0.965691, 1.923690, 2.927468, 4.017805, 
0.982027, 1.888699, 2.977215, 3.980010, 
0.945264, 1.893809, 3.017550, 3.988325, 
0.945264, 1.893809, 3.017550, 3.988325, 
0.925450, 1.924580, 2.982027, 4.012732, 
0.925450, 1.924580, 2.982027, 4.012732, 
0.912127, 1.929659, 3.002785, 3.988779, 
0.912127, 1.929659, 3.002785, 3.988779, 
0.963020, 1.949146, 3.025958, 3.964423, 
1.019862, 1.903877, 3.044435, 4.009392, 
1.019862, 1.903877, 3.044435, 4.009392, 
1.019862, 1.903877, 3.044435, 4.009392, 
1.028456, 1.902508, 3.023470, 4.024497, 
1.028456, 1.902508, 3.023470, 4.024497, 
1.028456, 1.902508, 3.023470, 4.024497, 
1.028456, 1.902508, 3.023470, 4.024497, 
1.013079, 1.944479, 3.013277, 4.006173, 
1.022180, 1.938996, 3.001178, 4.015307, 
0.995756, 1.992686, 2.981265, 4.008470, 
0.995756, 1.992686, 2.981265, 4.008470, 
0.990791, 1.988662, 2.998917, 3.977719, 
0.990791, 1.988662, 2.998917, 3.977719, 
0.990791, 1.988662, 2.998917, 3.977719, 
0.990791, 1.988662, 2.998917, 3.977719, 
0.990791, 1.988662, 2.998917, 3.977719, 
0.990791, 1.988662, 2.998917, 3.977719, 
0.990791, 1.988662, 2.998917, 3.977719, 
0.983205, 1.977525, 2.970821, 3.986174, 
0.946780, 1.968292, 2.988656, 3.996256, 
0.972275, 1.970178, 2.969934, 3.995770, 
0.976725, 1.969263, 2.962382, 4.008814, 
0.973280, 1.979806, 2.959855, 4.035440, 
0.994905, 1.971457, 2.955262, 4.035442, 
0.994905, 1.971457, 2.955262, 4.035442, 
0.994905, 1.971457, 2.955262, 4.035442, 
0.994905, 1.971457, 2.955262, 4.035442, 
0.994905, 1.971457, 2.955262, 4.035442, 
0.994905, 1.971457, 2.955262, 4.035442, 
0.951324, 1.972231, 2.995161, 4.064428, 
0.935475, 1.941150, 2.964124, 4.036158, 
0.943395, 1.920571, 2.967356, 4.007975, 
0.943395, 1.920571, 2.967356, 4.007975, 
0.943395, 1.920571, 2.967356, 4.007975, 
0.979477, 1.913137, 2.992350, 4.000624, 
0.985678, 1.935470, 2.999219, 4.047079, 
0.985678, 1.935470, 2.999219, 4.047079, 
0.985778, 1.907521, 2.965993, 4.051800, 
0.985778, 1.907521, 2.965993, 4.051800, 
0.985778, 1.907521, 2.965993, 4.051800, 
0.977766, 1.940353, 2.987917, 4.047036, 
0.977766, 1.940353, 2.987917, 4.047036, 
0.977766, 1.940353, 2.987917, 4.047036, 
0.977766, 1.940353, 2.987917, 4.047036, 
1.010737, 1.979805, 3.012472, 4.025122, 
1.010737, 1.979805, 3.012472, 4.025122, 
1.010737, 1.979805, 3.012472, 4.025122, 
1.010737, 1.979805, 3.012472, 4.025122, 
1.010737, 1.979805, 3.012472, 4.025122, 
1.012220, 1.979611, 2.982795, 4.063128, 
1.012220, 1.979611, 2.982795, 4.063128, 
1.007606, 2.025746, 3.002138, 4.046064, 
1.007606, 2.025746, 3.002138, 4.046064, 
1.007606, 2.025746, 3.002138, 4.046064, 
1.002832, 1.988685, 2.968903, 4.008576, 
0.986109, 1.997110, 3.001344, 3.993407, 
0.972920, 1.992298, 3.023623, 4.037795, 
0.944628, 2.004140, 2.994194, 4.021831, 
0.944628, 2.004140, 2.994194, 4.021831, 
0.926780, 1.983916, 2.963383, 4.014492, 
0.905379, 1.904225, 2.980388, 4.044859, 
0.905379, 1.904225, 2.980388, 4.044859, 
0.905379, 1.904225, 2.980388, 4.044859, 
0.950854, 1.891739, 2.983394, 4.000212, 
0.988211, 1.942041, 3.020010, 3.970778, 
0.962828, 1.920579, 3.086620, 4.057287, 
0.962828, 1.920579, 3.086620, 4.057287, 
0.987859, 1.900653, 3.084361, 4.054760, 
0.987859, 1.900653, 3.084361, 4.054760, 
0.987859, 1.900653, 3.084361, 4.054760, 
0.987859, 1.900653, 3.084361, 4.054760, 
0.987859, 1.900653, 3.084361, 4.054760, 
0.987859, 1.900653, 3.084361, 4.054760, 
0.983023, 1.910842, 3.079415, 4.031522, 
0.983023, 1.910842, 3.079415, 4.031522, 
0.983023, 1.910842, 3.079415, 4.031522, 
1.016280, 1.923481, 3.057564, 4.020076, 
1.016280, 1.923481, 3.057564, 4.020076, 
1.016280, 1.923481, 3.057564, 4.020076, 
1.016280, 1.923481, 3.057564, 4.020076, 
1.016280, 1.923481, 3.057564, 4.020076, 
1.025905, 1.929413, 3.059274, 4.009869, 
1.025905, 1.929413, 3.059274, 4.009869, 
1.034562, 1.934945, 3.067826, 4.046735, 
1.034562, 1.934945, 3.067826, 4.046735, 
1.020846, 1.916864, 3.045106, 4.032339, 
0.997467, 1.886132, 3.006565, 4.007816, 
0.997467, 1.886132, 3.006565, 4.007816, 
1.030293, 1.922416, 3.009253, 4.015972, 
1.051069, 1.935904, 3.001583, 4.029604, 
1.035333, 1.981842, 3.016651, 4.061922, 
1.035333, 1.981842, 3.016651, 4.061922, 
1.038032, 1.953364, 3.003316, 4.050283, 
1.038032, 1.953364, 3.003316, 4.050283, 
1.038032, 1.953364, 3.003316, 4.050283, 
1.038032, 1.953364, 3.003316, 4.050283, 
1.038032, 1.953364, 3.003316, 4.050283, 
1.038032, 1.953364, 3.003316, 4.050283, 
1.056996, 1.934273, 3.007707, 4.070997, 
1.056996, 1.934273, 3.007707, 4.070997, 
1.056996, 1.934273, 3.007707, 4.070997, 
1.024207, 1.931459, 3.016406, 4.051605, 
1.024207, 1.931459, 3.016406, 4.051605, 
0.983354, 1.976467, 3.058416, 4.054737, 
0.983354, 1.976467, 3.058416, 4.054737, 
0.983354, 1.976467, 3.058416, 4.054737, 
0.983354, 1.976467, 3.058416, 4.054737, 
0.990412, 1.946626, 3.009917, 4.022562, 
0.990412, 1.946626, 3.009917, 4.022562, 
0.994713, 1.958585, 3.017345, 4.076387, 
0.994713, 1.958585, 3.017345, 4.076387, 
0.994713, 1.958585, 3.017345, 4.076387, 
0.994713, 1.958585, 3.017345, 4.076387, 
0.994713, 1.958585, 3.017345, 4.076387, 
0.994713, 1.958585, 3.017345, 4.076387, 
0.994713, 1.958585, 3.017345, 4.076387, 
0.976123, 1.956233, 3.007457, 4.068493, 
0.976123, 1.956233, 3.007457, 4.068493, 
0.976123, 1.956233, 3.007457, 4.068493, 
0.945177, 1.926197, 2.996932, 4.088651, 
0.958264, 1.913526, 3.022024, 4.105694, 
0.958264, 1.913526, 3.022024, 4.105694, 
0.985757, 1.912596, 3.023684, 4.121245, 
0.985757, 1.912596, 3.023684, 4.121245, 
0.985757, 1.912596, 3.023684, 4.121245, 
0.985757, 1.912596, 3.023684, 4.121245, 
0.985757, 1.912596, 3.023684, 4.121245, 
0.985757, 1.912596, 3.023684, 4.121245, 
0.967194, 1.933723, 3.076725, 4.067457, 
0.976779, 1.938877, 3.079448, 4.036579, 
0.946298, 1.939068, 3.032949, 3.984810, 
0.901861, 1.973659, 3.028796, 4.017512, 
0.901861, 1.973659, 3.028796, 4.017512, 
0.925083, 1.986207, 3.078841, 4.075806, 
0.925083, 1.986207, 3.078841, 4.075806, 
0.895173, 1.944909, 3.052654, 4.091637, 
0.895173, 1.944909, 3.052654, 4.091637, 
0.895173, 1.944909, 3.052654, 4.091637, 
0.937471, 1.958912, 3.102662, 4.128082, 
0.937471, 1.958912, 3.102662, 4.128082, 
0.937471, 1.958912, 3.102662, 4.128082, 
0.882307, 1.948892, 3.062265, 4.116755, 
0.882307, 1.948892, 3.062265, 4.116755, 
0.867157, 1.951066, 3.078518, 4.090909, 
0.867157, 1.951066, 3.078518, 4.090909, 
0.867157, 1.951066, 3.078518, 4.090909, 
0.906186, 1.913016, 3.047387, 4.148153, 
0.906186, 1.913016, 3.047387, 4.148153, 
0.934426, 1.961267, 3.101972, 4.128209, 
0.934426, 1.961267, 3.101972, 4.128209, 
0.934426, 1.961267, 3.101972, 4.128209, 
0.934426, 1.961267, 3.101972, 4.128209, 
0.924031, 1.966468, 3.098834, 4.095711, 
0.924031, 1.966468, 3.098834, 4.095711, 
0.933685, 1.974921, 3.081685, 4.054268, 
0.964399, 1.960892, 3.062212, 4.090327, 
0.964399, 1.960892, 3.062212, 4.090327, 
0.964399, 1.960892, 3.062212, 4.090327, 
0.975282, 1.979939, 3.065398, 4.039156, 
0.975282, 1.979939, 3.065398, 4.039156, 
0.975282, 1.979939, 3.065398, 4.039156, 
0.975282, 1.979939, 3.065398, 4.039156, 
0.975282, 1.979939, 3.065398, 4.039156, 
0.964325, 1.949119, 3.046297, 4.015914, 
0.965611, 1.932922, 3.046836, 4.009382, 
0.962390, 1.928518, 3.014637, 4.024863, 
0.971507, 1.926862, 2.995216, 4.024227, 
1.002161, 1.911107, 2.987087, 4.055217, 
1.002161, 1.911107, 2.987087, 4.055217, 
1.002161, 1.911107, 2.987087, 4.055217, 
1.007746, 1.932503, 2.978659, 4.068414, 
1.007746, 1.932503, 2.978659, 4.068414, 
1.048509, 1.935317, 2.952646, 4.049969, 
1.046625, 1.922507, 2.990633, 4.082926, 
1.046625, 1.922507, 2.990633, 4.082926, 
1.046625, 1.922507, 2.990633, 4.082926, 
1.046625, 1.922507, 2.990633, 4.082926, 
1.048682, 1.929019, 3.025746, 4.076850, 
1.048682, 1.929019, 3.025746, 4.076850, 
1.048682, 1.929019, 3.025746, 4.076850, 
1.023053, 1.915261, 3.053344, 4.083178, 
1.021911, 1.903287, 3.054941, 4.062198, 
1.021911, 1.903287, 3.054941, 4.062198, 
1.017315, 1.885544, 3.020046, 4.069877, 
1.017315, 1.885544, 3.020046, 4.069877, 
1.017315, 1.885544, 3.020046, 4.069877, 
0.985650, 1.886764, 3.060728, 4.077858, 
0.985650, 1.886764, 3.060728, 4.077858, 
0.985650, 1.886764, 3.060728, 4.077858, 
0.985650, 1.886764, 3.060728, 4.077858, 
0.962676, 1.839983, 3.037332, 4.030079, 
0.988117, 1.864260, 3.055777, 4.037243, 
0.988117, 1.864260, 3.055777, 4.037243, 
0.988117, 1.864260, 3.055777, 4.037243, 
0.988117, 1.864260, 3.055777, 4.037243, 
0.988117, 1.864260, 3.055777, 4.037243, 
0.971001, 1.890231, 3.072666, 4.031084, 
0.943196, 1.870903, 3.053863, 4.049477, 
0.943196, 1.870903, 3.053863, 4.049477, 
0.943196, 1.870903, 3.053863, 4.049477, 
0.943196, 1.870903, 3.053863, 4.049477, 
0.943196, 1.870903, 3.053863, 4.049477, 
0.932293, 1.896709, 3.081356, 4.024650, 
0.981229, 1.865991, 3.060278, 4.091467, 
1.002205, 1.875916, 3.066037, 4.068889, 
0.990669, 1.868035, 3.029251, 4.072068, 
0.990669, 1.868035, 3.029251, 4.072068, 
0.990669, 1.868035, 3.029251, 4.072068, 
0.990669, 1.868035, 3.029251, 4.072068, 
0.990669, 1.868035, 3.029251, 4.072068, 
0.990669, 1.868035, 3.029251, 4.072068, 
1.011260, 1.890973, 3.027935, 4.073375, 
1.011260, 1.890973, 3.027935, 4.073375, 
1.011260, 1.890973, 3.027935, 4.073375, 
1.011260, 1.890973, 3.027935, 4.073375, 
1.011260, 1.890973, 3.027935, 4.073375, 
1.011260, 1.890973, 3.027935, 4.073375, 
1.011260, 1.890973, 3.027935, 4.073375, 
1.011260, 1.890973, 3.027935, 4.073375, 
1.011260, 1.890973, 3.027935, 4.073375, 
1.011260, 1.890973, 3.027935, 4.073375, 
1.011260, 1.890973, 3.027935, 4.073375, 
1.011260, 1.890973, 3.027935, 4.073375, 
1.007703, 1.909857, 2.997617, 4.087226, 
1.007703, 1.909857, 2.997617, 4.087226, 
1.007703, 1.909857, 2.997617, 4.087226, 
1.007703, 1.909857, 2.997617, 4.087226, 
1.007703, 1.909857, 2.997617, 4.087226, 
1.007703, 1.909857, 2.997617, 4.087226, 
1.007703, 1.909857, 2.997617, 4.087226, 
1.007703, 1.909857, 2.997617, 4.087226, 
1.007703, 1.909857, 2.997617, 4.087226, 
1.007703, 1.909857, 2.997617, 4.087226, 
1.018024, 1.918924, 3.012286, 4.069822, 
1.018024, 1.918924, 3.012286, 4.069822, 
0.959194, 1.945813, 3.031561, 4.006260, 
1.011060, 1.910787, 2.992699, 4.008724, 
1.011060, 1.910787, 2.992699, 4.008724, 
1.011060, 1.910787, 2.992699, 4.008724, 
1.024387, 1.871145, 3.018921, 4.036947, 
1.024387, 1.871145, 3.018921, 4.036947, 
1.024387, 1.871145, 3.018921, 4.036947, 
1.024387, 1.871145, 3.018921, 4.036947, 
1.040621, 1.920455, 3.012879, 4.079220, 
1.040621, 1.920455, 3.012879, 4.079220, 
1.040621, 1.920455, 3.012879, 4.079220, 
1.040621, 1.920455, 3.012879, 4.079220, 
1.040621, 1.920455, 3.012879, 4.079220, 
1.040621, 1.920455, 3.012879, 4.079220, 
1.040621, 1.920455, 3.012879, 4.079220, 
1.040621, 1.920455, 3.012879, 4.079220, 
1.040621, 1.920455, 3.012879, 4.079220, 
1.040621, 1.920455, 3.012879, 4.079220, 
1.040621, 1.920455, 3.012879, 4.079220, 
1.040621, 1.920455, 3.012879, 4.079220, 
1.040621, 1.920455, 3.012879, 4.079220, 
1.002163, 1.924820, 3.057394, 4.094928, 
1.002163, 1.924820, 3.057394, 4.094928, 
0.934977, 1.912339, 3.048911, 4.104995, 
0.934977, 1.912339, 3.048911, 4.104995, 
0.934977, 1.912339, 3.048911, 4.104995, 
0.934977, 1.912339, 3.048911, 4.104995, 
0.934977, 1.912339, 3.048911, 4.104995, 
0.934977, 1.912339, 3.048911, 4.104995, 
0.934977, 1.912339, 3.048911, 4.104995, 
0.934977, 1.912339, 3.048911, 4.104995, 
0.914934, 1.925025, 3.022713, 4.077301, 
0.914934, 1.925025, 3.022713, 4.077301, 
0.967656, 1.893696, 2.990604, 4.043726, 
0.967656, 1.893696, 2.990604, 4.043726, 
0.967656, 1.893696, 2.990604, 4.043726, 
0.967656, 1.893696, 2.990604, 4.043726, 
0.967656, 1.893696, 2.990604, 4.043726, 
0.967656, 1.893696, 2.990604, 4.043726, 
0.967656, 1.893696, 2.990604, 4.043726, 
0.993790, 1.912016, 3.022783, 4.006234, 
0.993790, 1.912016, 3.022783, 4.006234, 
0.981654, 1.924513, 3.028836, 4.019171, 
0.981654, 1.924513, 3.028836, 4.019171, 
1.010699, 1.962649, 3.042092, 4.039076, 
1.010699, 1.962649, 3.042092, 4.039076, 
1.010699, 1.962649, 3.042092, 4.039076, 
1.010699, 1.962649, 3.042092, 4.039076, 
1.010699, 1.962649, 3.042092, 4.039076, 
1.010699, 1.962649, 3.042092, 4.039076, 
1.010699, 1.962649, 3.042092, 4.039076, 
1.010699, 1.962649, 3.042092, 4.039076, 
1.010699, 1.962649, 3.042092, 4.039076, 
0.999692, 1.965019, 3.063433, 4.039323, 
0.998832, 1.983232, 3.045531, 4.011858, 
0.998832, 1.983232, 3.045531, 4.011858, 
0.982863, 1.979961, 3.032511, 4.034627, 
0.982863, 1.979961, 3.032511, 4.034627, 
0.982863, 1.979961, 3.032511, 4.034627, 
0.982863, 1.979961, 3.032511, 4.034627, 
0.982863, 1.979961, 3.032511, 4.034627, 
0.982863, 1.979961, 3.032511, 4.034627, 
0.982863, 1.979961, 3.032511, 4.034627, 
0.982863, 1.979961, 3.032511, 4.034627, 
0.982863, 1.979961, 3.032511, 4.034627, 
0.982863, 1.979961, 3.032511, 4.034627, 
0.971783, 1.952036, 2.985354, 4.073086, 
0.971783, 1.952036, 2.985354, 4.073086, 
0.971783, 1.952036, 2.985354, 4.073086, 
0.971783, 1.952036, 2.985354, 4.073086, 
1.030443, 1.985993, 3.006514, 4.090169, 
1.011073, 1.972937, 3.061717, 4.030478, 
1.011073, 1.972937, 3.061717, 4.030478, 
0.998144, 1.982786, 3.063803, 4.054714, 
0.998144, 1.982786, 3.063803, 4.054714, 
0.998144, 1.982786, 3.063803, 4.054714, 
0.977013, 1.969881, 3.034382, 4.036832, 
0.960187, 1.976618, 3.052280, 3.979512, 
0.980991, 1.988835, 3.028569, 3.967844, 
0.980991, 1.988835, 3.028569, 3.967844, 
0.980991, 1.988835, 3.028569, 3.967844, 
1.003230, 1.990249, 3.054527, 3.989575, 
1.003230, 1.990249, 3.054527, 3.989575, 
1.003230, 1.990249, 3.054527, 3.989575, 
1.003230, 1.990249, 3.054527, 3.989575, 
1.025974, 1.954735, 3.040268, 3.989620, 
1.025974, 1.954735, 3.040268, 3.989620, 
0.996211, 1.936928, 3.002210, 3.986472, 
0.996211, 1.936928, 3.002210, 3.986472, 
0.996211, 1.936928, 3.002210, 3.986472, 
0.996211, 1.936928, 3.002210, 3.986472, 
0.996211, 1.936928, 3.002210, 3.986472, 
1.052605, 1.929918, 2.990344, 4.054316, 
1.052605, 1.929918, 2.990344, 4.054316, 
1.052605, 1.929918, 2.990344, 4.054316, 
1.052605, 1.929918, 2.990344, 4.054316, 
1.052605, 1.929918, 2.990344, 4.054316, 
1.052605, 1.929918, 2.990344, 4.054316, 
1.052605, 1.929918, 2.990344, 4.054316, 
1.018569, 1.908614, 2.990610, 4.035098, 
1.018569, 1.908614, 2.990610, 4.035098, 
1.018569, 1.908614, 2.990610, 4.035098, 
1.018569, 1.908614, 2.990610, 4.035098, 
1.023678, 1.944902, 3.042298, 4.019478, 
1.023678, 1.944902, 3.042298, 4.019478, 
1.023678, 1.944902, 3.042298, 4.019478, 
1.023678, 1.944902, 3.042298, 4.019478, 
1.023321, 1.924308, 3.013267, 4.007036, 
1.023321, 1.924308, 3.013267, 4.007036, 
1.023321, 1.924308, 3.013267, 4.007036, 
1.023321, 1.924308, 3.013267, 4.007036, 
1.023321, 1.924308, 3.013267, 4.007036, 
1.023321, 1.924308, 3.013267, 4.007036, 
1.023321, 1.924308, 3.013267, 4.007036, 
0.997759, 1.959596, 3.008792, 4.041064, 
0.997759, 1.959596, 3.008792, 4.041064, 
0.997759, 1.959596, 3.008792, 4.041064, 
0.997759, 1.959596, 3.008792, 4.041064, 
0.997759, 1.959596, 3.008792, 4.041064, 
0.996683, 1.970293, 3.004529, 4.033121, 
0.978154, 1.954731, 2.987380, 4.056882, 
0.978154, 1.954731, 2.987380, 4.056882, 
0.978154, 1.954731, 2.987380, 4.056882, 
0.965001, 1.957609, 2.993224, 4.060048, 
0.965001, 1.957609, 2.993224, 4.060048, 
0.965001, 1.957609, 2.993224, 4.060048, 
1.038073, 2.022309, 2.989299, 4.063962, 
1.027100, 1.962105, 2.934727, 4.073490, 
1.027100, 1.962105, 2.934727, 4.073490, 
1.010881, 1.979900, 2.954298, 4.069113, 
1.023098, 1.974350, 2.987243, 4.080807, 
1.017661, 1.970016, 3.039972, 4.068167, 
1.017661, 1.970016, 3.039972, 4.068167, 
1.017661, 1.970016, 3.039972, 4.068167, 
1.017661, 1.970016, 3.039972, 4.068167, 
0.999473, 1.977662, 3.065917, 4.068504, 
0.999473, 1.977662, 3.065917, 4.068504, 
0.999473, 1.977662, 3.065917, 4.068504, 
0.999473, 1.977662, 3.065917, 4.068504, 
0.999473, 1.977662, 3.065917, 4.068504, 
1.013456, 1.993830, 3.065756, 4.068428, 
0.937456, 1.985159, 3.074505, 4.089836, 
0.937456, 1.985159, 3.074505, 4.089836, 
0.933490, 1.996005, 3.031433, 4.085040, 
0.933490, 1.996005, 3.031433, 4.085040, 
0.933490, 1.996005, 3.031433, 4.085040, 
0.933490, 1.996005, 3.031433, 4.085040, 
0.949669, 2.013233, 3.047489, 4.052041, 
0.949669, 2.013233, 3.047489, 4.052041, 
0.949669, 2.013233, 3.047489, 4.052041, 
0.949669, 2.013233, 3.047489, 4.052041, 
0.949669, 2.013233, 3.047489, 4.052041, 
0.949669, 2.013233, 3.047489, 4.052041, 
0.971349, 1.986885, 3.060214, 4.015943, 
0.971349, 1.986885, 3.060214, 4.015943, 
0.971349, 1.986885, 3.060214, 4.015943, 
0.971349, 1.986885, 3.060214, 4.015943, 
0.971349, 1.986885, 3.060214, 4.015943, 
1.053600, 1.951191, 3.068923, 4.027831, 
1.053600, 1.951191, 3.068923, 4.027831, 
1.053600, 1.951191, 3.068923, 4.027831, 
1.006346, 1.940221, 3.017275, 4.066515, 
1.006346, 1.940221, 3.017275, 4.066515, 
1.006346, 1.940221, 3.017275, 4.066515, 
1.006346, 1.940221, 3.017275, 4.066515, 
0.985379, 1.948417, 3.031867, 4.064946, 
0.985379, 1.948417, 3.031867, 4.064946, 
0.985379, 1.948417, 3.031867, 4.064946, 
0.985379, 1.948417, 3.031867, 4.064946, 
0.985379, 1.948417, 3.031867, 4.064946, 
0.985379, 1.948417, 3.031867, 4.064946, 
0.985379, 1.948417, 3.031867, 4.064946, 
0.985379, 1.948417, 3.031867, 4.064946, 
0.978025, 1.931360, 3.007037, 4.048091, 
0.978025, 1.931360, 3.007037, 4.048091, 
0.988324, 1.967720, 3.026080, 4.085663, 
0.988324, 1.967720, 3.026080, 4.085663, 
0.988324, 1.967720, 3.026080, 4.085663, 
0.974497, 1.974554, 2.994971, 4.080554, 
1.000094, 1.982242, 2.965521, 4.070750, 
1.000094, 1.982242, 2.965521, 4.070750, 
1.000094, 1.982242, 2.965521, 4.070750, 
1.000094, 1.982242, 2.965521, 4.070750, 
1.013968, 2.000759, 2.974521, 4.067983, 
1.013968, 2.000759, 2.974521, 4.067983, 
0.988333, 1.976124, 2.960437, 4.059677, 
0.986958, 1.967085, 2.970459, 4.040647, 
0.986958, 1.967085, 2.970459, 4.040647, 
0.986958, 1.967085, 2.970459, 4.040647, 
0.986958, 1.967085, 2.970459, 4.040647, 
0.989729, 1.965525, 3.007517, 4.034286, 
0.989729, 1.965525, 3.007517, 4.034286, 
0.964587, 1.958176, 3.029221, 4.041067, 
0.964587, 1.958176, 3.029221, 4.041067, 
0.990681, 1.970511, 3.008455, 4.071556, 
0.931977, 1.957902, 3.014443, 4.048006, 
0.931977, 1.957902, 3.014443, 4.048006, 
0.931977, 1.957902, 3.014443, 4.048006, 
