81737.256274, 
81737.256274, 
50361.783312, 
50361.783312, 
50361.783312, 
50361.783312, 
50361.783312, 
50361.783312, 
50361.783312, 
50361.783312, 
50361.783312, 
47586.518397, 
37935.204991, 
37935.204991, 
37935.204991, 
36314.865996, 
36314.865996, 
36314.865996, 
36314.865996, 
36314.865996, 
35480.569203, 
35480.569203, 
26158.003470, 
26158.003470, 
26158.003470, 
26158.003470, 
26158.003470, 
26158.003470, 
26158.003470, 
26158.003470, 
26158.003470, 
26158.003470, 
26158.003470, 
26158.003470, 
25969.331152, 
25969.331152, 
25969.331152, 
25969.331152, 
25969.331152, 
25969.331152, 
25969.331152, 
25969.331152, 
25969.331152, 
16639.949719, 
16639.949719, 
16639.949719, 
16639.949719, 
16639.949719, 
16639.949719, 
15490.745984, 
15490.745984, 
15490.745984, 
15490.745984, 
15490.745984, 
12642.797592, 
12136.191510, 
12136.191510, 
12136.191510, 
12136.191510, 
12136.191510, 
10656.537916, 
10656.537916, 
10358.250031, 
9691.384462, 
8869.669663, 
8869.669663, 
8621.517038, 
8073.795668, 
7796.170839, 
7597.203069, 
7050.444274, 
7050.444274, 
6947.946969, 
6868.101302, 
6760.003180, 
6760.003180, 
6449.288475, 
6375.352056, 
6158.174080, 
5918.890019, 
5894.711839, 
5487.745315, 
5487.745315, 
5487.745315, 
5416.589278, 
5366.801766, 
5080.862451, 
5080.862451, 
4744.935178, 
4710.022547, 
4710.022547, 
4710.022547, 
4588.449599, 
4218.119041, 
4214.591645, 
3948.872487, 
3772.736490, 
3613.813371, 
3486.350391, 
3388.751790, 
2900.070542, 
2900.070542, 
2900.413018, 
2900.413018, 
2900.413018, 
2900.413018, 
2872.795031, 
2872.795031, 
2872.795031, 
2872.795031, 
2872.795031, 
2872.795031, 
2872.795031, 
2872.795031, 
2872.795031, 
2864.343679, 
2864.343679, 
2845.771054, 
2845.771054, 
2845.771054, 
2845.771054, 
2845.771054, 
2845.771054, 
2845.771054, 
2845.771054, 
2845.771054, 
2845.771054, 
2845.771054, 
2845.771054, 
2845.771054, 
2845.771054, 
2845.771054, 
2845.771054, 
2845.771054, 
2845.771054, 
2845.771054, 
2845.771054, 
2845.771054, 
2842.946865, 
2842.946865, 
2842.946865, 
2842.946865, 
2842.946865, 
2842.946865, 
2842.946865, 
2840.321963, 
2840.321963, 
2840.321963, 
2840.321963, 
2840.321963, 
2840.321963, 
2834.579110, 
2834.579110, 
2835.456587, 
2835.456587, 
2835.456587, 
2835.456587, 
2835.456587, 
2835.456587, 
2835.456587, 
2835.456587, 
2834.299792, 
2834.265333, 
2834.265333, 
2834.265333, 
2834.265333, 
2832.682604, 
2832.682604, 
2832.682604, 
2833.182483, 
2835.786264, 
2831.855137, 
2831.855137, 
2831.855137, 
2831.855137, 
2831.855137, 
2832.686294, 
2832.686294, 
2832.686294, 
2832.686294, 
2832.686294, 
2832.686294, 
2832.686294, 
2832.686294, 
2832.686294, 
2832.686294, 
2832.686294, 
2832.686294, 
2832.686294, 
2832.686294, 
2832.686294, 
2833.186313, 
2833.186313, 
2833.186313, 
2834.021293, 
2834.021293, 
2834.021293, 
2832.425434, 
2837.136328, 
2832.054855, 
2832.144174, 
2832.144174, 
2832.775029, 
2832.775029, 
2832.775029, 
2832.775029, 
2832.775029, 
2832.775029, 
2832.775029, 
2832.775029, 
2832.775029, 
2832.775029, 
2832.775029, 
2832.775029, 
2832.775029, 
2834.238369, 
2834.238369, 
2834.238369, 
2834.238369, 
2834.238369, 
2833.661299, 
2833.661299, 
2833.661299, 
2833.661299, 
2834.461228, 
2834.461228, 
2834.461228, 
2833.008807, 
2833.008807, 
2833.008807, 
2835.338230, 
2835.001105, 
2835.001105, 
2835.259389, 
2835.259389, 
2835.259389, 
2835.259389, 
2836.042563, 
2836.042563, 
2836.042563, 
2833.422551, 
2833.422551, 
2833.422551, 
2833.422551, 
2833.422551, 
2834.145919, 
2834.145919, 
2832.715413, 
2832.715413, 
2832.715413, 
2832.715413, 
2832.715413, 
2833.244743, 
2836.596013, 
2834.471626, 
2836.155345, 
2836.155345, 
2836.155345, 
2834.279057, 
2837.121193, 
2835.969175, 
2833.107197, 
2833.377310, 
2833.377310, 
2833.377310, 
2833.587192, 
2833.587192, 
2835.086944, 
2835.086944, 
2835.086944, 
2835.086944, 
2835.086944, 
2835.086944, 
2835.086944, 
2835.422623, 
2835.422623, 
2835.422623, 
2835.711104, 
2835.711104, 
2835.711104, 
2838.370224, 
2838.370224, 
2836.335016, 
2836.335016, 
2836.335016, 
2836.335016, 
2836.335016, 
2833.291153, 
2833.438832, 
2832.771495, 
2836.843495, 
2833.994318, 
2833.994318, 
2833.994318, 
2833.994318, 
2834.124223, 
2834.124223, 
2834.817385, 
2835.207937, 
2835.207937, 
2835.207937, 
2835.207937, 
2840.234800, 
2840.808429, 
2846.278966, 
2845.376034, 
2845.376034, 
2845.376034, 
2845.376034, 
2846.045849, 
2846.045849, 
2846.045849, 
2846.045849, 
2846.045849, 
2840.056019, 
2840.056019, 
2836.675153, 
2836.675153, 
2836.675153, 
2837.045910, 
2837.045910, 
2835.944261, 
2835.944261, 
2835.944261, 
2835.944261, 
2835.944261, 
2835.944261, 
2835.944261, 
2835.590469, 
2833.831044, 
2833.122551, 
2833.122551, 
2833.122551, 
2833.122551, 
2833.122551, 
2833.122551, 
2833.149152, 
2833.149152, 
2833.149152, 
2833.149152, 
2833.149152, 
2832.970105, 
2832.970105, 
2832.970105, 
2832.970105, 
2834.452404, 
2834.452404, 
2834.075449, 
2832.648776, 
2832.648776, 
2832.648776, 
2832.648776, 
2832.648776, 
2832.648776, 
2832.648776, 
2832.648776, 
2832.648776, 
2832.648776, 
2835.159745, 
2837.573584, 
2837.573584, 
2837.573584, 
2837.966976, 
2833.916914, 
2833.916914, 
2833.916914, 
2833.916914, 
2832.979829, 
2834.587343, 
2833.729613, 
2833.729613, 
2833.729613, 
2833.301063, 
2833.301063, 
2834.215899, 
2834.215899, 
2833.718769, 
2833.609150, 
2833.609150, 
2836.184339, 
2834.153373, 
2834.153373, 
2834.153373, 
2834.153373, 
2835.318430, 
2835.318430, 
2835.318430, 
2835.318430, 
2835.318430, 
2838.992891, 
2838.992891, 
2838.992891, 
2838.992891, 
2838.992891, 
2838.992891, 
2838.992891, 
2838.992891, 
2838.992891, 
2838.270733, 
2838.270733, 
2838.270733, 
2836.617469, 
2836.617469, 
2836.617469, 
2836.617469, 
2836.617469, 
2836.617469, 
2836.617469, 
2836.617469, 
2835.922640, 
2835.922640, 
2838.964710, 
2835.202877, 
2835.202877, 
2835.202877, 
2835.202877, 
2834.579400, 
2834.579400, 
2837.488717, 
2837.488717, 
2837.488717, 
2834.657457, 
2835.137945, 
2835.137945, 
2835.137945, 
2835.137945, 
2835.137945, 
2835.137945, 
2835.137945, 
2835.137945, 
2835.137945, 
2835.137945, 
2835.137945, 
2835.137945, 
2835.137945, 
2835.805329, 
2835.805329, 
2835.805329, 
2835.805329, 
2835.805329, 
2834.240830, 
2834.240830, 
2834.411926, 
2834.167019, 
2834.167019, 
2834.167019, 
2834.167019, 
2834.253846, 
2834.253846, 
2834.253846, 
2834.253846, 
2834.253846, 
2837.149897, 
2837.149897, 
2837.149897, 
2837.149897, 
2837.149897, 
2835.097467, 
2835.468775, 
2835.086795, 
2835.086795, 
2835.086795, 
2835.086795, 
2834.543669, 
2834.543669, 
2834.543669, 
2834.543669, 
2834.543669, 
2834.543669, 
2833.994581, 
2833.119851, 
2833.119851, 
2833.119851, 
2833.119851, 
2832.413929, 
2832.413929, 
2832.413929, 
2833.861885, 
2833.861885, 
2833.861885, 
2833.861885, 
2832.133107, 
2832.133107, 
2838.687617, 
2838.687617, 
2834.255969, 
2834.255969, 
2833.036338, 
2833.036338, 
2835.799418, 
2835.799418, 
2835.799418, 
2835.799418, 
2835.799418, 
2835.799418, 
2835.799418, 
2837.236133, 
2833.606953, 
2833.606953, 
2833.606953, 
2833.606953, 
2836.393299, 
2836.393299, 
2836.393299, 
2836.393299, 
2836.393299, 
2837.962789, 
2834.339526, 
2832.874107, 
2832.874107, 
2832.874107, 
2832.874107, 
2832.874107, 
2832.874107, 
2832.874107, 
2833.276778, 
2833.276778, 
2833.276778, 
2836.775042, 
2834.816631, 
2832.740359, 
2840.355123, 
2840.355123, 
2840.355123, 
2840.769224, 
2840.769224, 
2840.151702, 
2840.151702, 
2840.151702, 
2840.151702, 
2840.151702, 
2840.151702, 
2842.987271, 
2835.461393, 
2835.461393, 
2835.461393, 
2835.461393, 
2832.188679, 
2832.601631, 
2832.601631, 
2832.601631, 
2832.601631, 
2832.601631, 
2832.601631, 
2832.601631, 
2832.601631, 
2832.601631, 
2832.601631, 
2832.601631, 
2832.601631, 
2832.601631, 
2832.010681, 
2832.010681, 
2832.010681, 
2832.010681, 
2832.010681, 
2834.421658, 
2834.421658, 
2834.421658, 
2834.421658, 
2834.421658, 
2834.421658, 
2834.421658, 
2834.421658, 
2834.421658, 
2834.421658, 
2834.421658, 
2834.480528, 
2834.930567, 
2834.930567, 
2835.021833, 
2835.021833, 
2835.021833, 
2835.021833, 
2835.021833, 
2835.021833, 
2835.021833, 
2835.352032, 
2835.352032, 
2835.352032, 
2836.876532, 
2833.766614, 
2833.766614, 
2833.766614, 
2833.766614, 
2833.766614, 
2833.415121, 
2833.415121, 
2833.415121, 
2834.153923, 
2834.153923, 
2835.962826, 
2833.914656, 
2833.914656, 
2833.914656, 
2833.914656, 
2833.914656, 
2833.914656, 
2840.681972, 
2840.681972, 
2840.681972, 
2836.168498, 
2836.168498, 
2836.168498, 
2837.192232, 
2837.192232, 
2837.192232, 
2837.192232, 
2837.192232, 
2835.612908, 
2835.612908, 
2835.612908, 
2836.265131, 
2836.265131, 
2837.124408, 
2837.725804, 
2841.184078, 
2841.184078, 
2841.184078, 
2837.806005, 
2837.806005, 
2835.840674, 
2835.840674, 
2837.700679, 
2837.700679, 
2836.057026, 
2836.057026, 
2836.057026, 
2836.057026, 
2838.444417, 
2838.444417, 
2838.444417, 
2838.444417, 
2838.444417, 
2838.073444, 
2838.073444, 
2838.073444, 
2838.073444, 
2838.073444, 
2834.778686, 
2834.778686, 
2834.778686, 
2834.076871, 
2834.076871, 
2834.076871, 
2834.076871, 
2834.076871, 
2834.129449, 
2834.150851, 
2834.150851, 
2838.056232, 
2838.056232, 
2838.056232, 
2838.056232, 
2838.056232, 
2838.056232, 
2835.733297, 
2835.733297, 
2835.733297, 
2835.733297, 
2834.762150, 
2835.243792, 
2835.243792, 
2833.530616, 
2833.530616, 
2833.530616, 
2833.530616, 
2833.530616, 
2833.530616, 
2834.407605, 
2834.407605, 
2834.407605, 
2835.962730, 
2835.962730, 
2835.962730, 
2835.962730, 
2835.962730, 
2835.962730, 
2835.962730, 
2835.962730, 
2833.421986, 
2834.940007, 
2834.940007, 
2834.940007, 
2834.353592, 
2834.353592, 
2834.353592, 
2834.353592, 
2834.017642, 
2833.983678, 
2833.983678, 
2832.981562, 
2832.981562, 
2832.981562, 
2832.981562, 
2832.981562, 
2832.981562, 
2832.981562, 
2832.981562, 
2832.981562, 
2832.981562, 
2832.981562, 
2832.981562, 
2832.981562, 
2832.981562, 
2832.981562, 
2832.981562, 
2833.253160, 
2833.008001, 
2833.008001, 
2833.008001, 
2833.008001, 
2833.008001, 
2833.008001, 
2833.008001, 
2833.008001, 
2833.008001, 
2833.008001, 
2833.008001, 
2833.008001, 
2834.062316, 
2833.687426, 
2833.687426, 
2833.687426, 
2833.687426, 
2833.687426, 
2833.687426, 
2833.687426, 
2833.687426, 
2833.687426, 
2833.224992, 
2833.224992, 
2832.559131, 
2832.559131, 
2832.559131, 
2832.559131, 
2832.559131, 
2832.557461, 
2832.313273, 
2832.313273, 
2832.313273, 
2831.909838, 
2836.966769, 
2839.457282, 
2840.382590, 
2843.914207, 
2834.635059, 
2834.635059, 
2834.635059, 
2834.635059, 
2834.635059, 
2835.225327, 
2835.225327, 
2834.938143, 
2834.938143, 
2832.858453, 
2832.858453, 
2832.858453, 
2832.858453, 
2832.858453, 
2832.858453, 
2832.858453, 
2832.858453, 
2832.858453, 
2832.858453, 
2832.858453, 
2832.858453, 
2832.858453, 
2832.858453, 
2832.858453, 
2832.843436, 
2832.843436, 
2833.549753, 
2833.549753, 
2834.423693, 
2834.423693, 
2834.423693, 
2834.423693, 
2834.423693, 
2834.423693, 
2834.423693, 
2834.423693, 
2834.423693, 
2834.423693, 
2834.423693, 
2834.423693, 
2834.423693, 
2834.423693, 
2834.423693, 
2834.423693, 
2834.423693, 
2834.423693, 
2834.423693, 
2834.107844, 
2835.861814, 
2835.861814, 
2835.861814, 
2836.647856, 
2836.647856, 
2833.729535, 
2833.729535, 
2833.729535, 
2833.729535, 
2833.729535, 
2832.327747, 
2832.327747, 
2832.327747, 
2832.327747, 
2832.327747, 
2832.327747, 
2832.327747, 
2833.083109, 
2833.083109, 
2833.083109, 
2833.083109, 
2833.083109, 
2833.083109, 
2833.083109, 
2833.083109, 
2833.083109, 
2833.083109, 
2833.083109, 
2833.083109, 
2833.083109, 
2836.911660, 
2836.911660, 
2836.911660, 
2833.761273, 
2833.761273, 
2833.761273, 
2833.761273, 
2833.761273, 
2832.571659, 
2832.571659, 
2832.571659, 
2832.571659, 
2832.571659, 
2832.571659, 
2838.695547, 
2838.695547, 
2838.695547, 
2838.695547, 
2838.695547, 
2838.195435, 
2838.195435, 
2838.195435, 
2838.195435, 
2838.195435, 
2838.195435, 
2838.195435, 
2840.314961, 
2840.314961, 
2840.314961, 
2840.314961, 
2837.886083, 
2838.070761, 
2840.674392, 
2840.674392, 
2840.674392, 
2842.910385, 
2842.621467, 
2841.220831, 
2841.220831, 
2841.220831, 
2841.242826, 
2841.242826, 
2841.242826, 
2841.242826, 
2841.242826, 
2842.628640, 
2842.628640, 
2842.628640, 
2838.582295, 
2833.840458, 
2833.840458, 
2833.840458, 
2833.840458, 
2833.840458, 
2833.840458, 
2836.404243, 
2836.404243, 
2836.404243, 
2836.404243, 
2835.333255, 
2835.333255, 
2835.333255, 
2836.506229, 
2836.506229, 
2836.506229, 
2836.506229, 
2836.506229, 
2836.506229, 
2836.506229, 
2836.506229, 
2836.506229, 
2832.347622, 
2833.592797, 
2832.730669, 
2832.620498, 
2832.620498, 
2832.620498, 
2832.620498, 
2835.667302, 
2835.667302, 
2834.088584, 
2838.559052, 
2838.559052, 
2838.559052, 
2838.559052, 
2838.559052, 
2838.476667, 
2836.395951, 
2835.405872, 
2835.405872, 
2835.405872, 
2833.431523, 
2833.431523, 
2833.999167, 
2833.999167, 
2833.999167, 
2832.560734, 
2832.560734, 
2834.247067, 
2834.247067, 
2835.197457, 
2835.197457, 
2837.442096, 
2837.666717, 
2834.591663, 
2834.591663, 
2834.591663, 
2832.440508, 
2834.637096, 
2836.029317, 
2840.446997, 
2840.446997, 
2840.446997, 
2834.894464, 
2834.894464, 
2834.894464, 
2834.904803, 
2834.904803, 
2834.904803, 
2834.904803, 
2834.904803, 
2834.904803, 
2834.904803, 
2834.904803, 
2838.052505, 
2838.052505, 
2839.164181, 
2837.534510, 
2836.899908, 
2836.899908, 
2836.899908, 
2836.899908, 
2834.159675, 
2834.159675, 
2834.159675, 
2834.159675, 
2834.159675, 
2834.006784, 
2834.006784, 
2832.936659, 
2832.936659, 
2832.936659, 
2832.936659, 
2832.936659, 
2836.108480, 
2836.108480, 
2836.108480, 
2836.108480, 
2836.108480, 
2834.817843, 
2834.817843, 
2838.200454, 
2835.622674, 
2835.622674, 
2835.622674, 
2835.622674, 
2835.622674, 
2835.622674, 
2835.842479, 
2834.809338, 
2834.809338, 
2834.809338, 
2834.424016, 
2834.026872, 
2834.026872, 
2832.393166, 
2832.393166, 
2833.181605, 
2833.181605, 
2833.181605, 
2833.181605, 
2833.181605, 
2833.181605, 
2840.491290, 
2840.491290, 
2840.491290, 
