8.102765, 6.483320, -12.076715, 3.717915, 
8.102765, 6.483320, -12.076715, 3.717915, 
-8.783060, -7.518089, 12.250300, 10.959095, 
-8.739571, -7.630964, 12.212722, 11.138200, 
-8.739571, -7.630964, 12.212722, 11.138200, 
-8.739571, -7.630964, 12.212722, 11.138200, 
-8.739571, -7.630964, 12.212722, 11.138200, 
-8.739571, -7.630964, 12.212722, 11.138200, 
-8.739571, -7.630964, 12.212722, 11.138200, 
-8.739571, -7.630964, 12.212722, 11.138200, 
-8.739571, -7.630964, 12.212722, 11.138200, 
-8.739571, -7.630964, 12.212722, 11.138200, 
-8.739571, -7.630964, 12.212722, 11.138200, 
-8.739571, -7.630964, 12.212722, 11.138200, 
-8.739571, -7.630964, 12.212722, 11.138200, 
-8.739571, -7.630964, 12.212722, 11.138200, 
-8.739571, -7.630964, 12.212722, 11.138200, 
-8.739571, -7.630964, 12.212722, 11.138200, 
-8.739571, -7.630964, 12.212722, 11.138200, 
-8.739571, -7.630964, 12.212722, 11.138200, 
-8.739571, -7.630964, 12.212722, 11.138200, 
-8.814830, -7.513596, 12.100091, 11.172136, 
-8.814830, -7.513596, 12.100091, 11.172136, 
-8.814830, -7.513596, 12.100091, 11.172136, 
-8.814830, -7.513596, 12.100091, 11.172136, 
-8.814830, -7.513596, 12.100091, 11.172136, 
-8.814830, -7.513596, 12.100091, 11.172136, 
-8.814830, -7.513596, 12.100091, 11.172136, 
-8.814830, -7.513596, 12.100091, 11.172136, 
-8.814830, -7.513596, 12.100091, 11.172136, 
-8.814830, -7.513596, 12.100091, 11.172136, 
-8.743216, -7.398336, 12.161524, 11.222720, 
-8.743216, -7.398336, 12.161524, 11.222720, 
-9.146609, -8.704040, 13.436654, 14.006843, 
-9.146609, -8.704040, 13.436654, 14.006843, 
-9.146609, -8.704040, 13.436654, 14.006843, 
-9.146609, -8.704040, 13.436654, 14.006843, 
-9.146609, -8.704040, 13.436654, 14.006843, 
-9.146609, -8.704040, 13.436654, 14.006843, 
-9.146609, -8.704040, 13.436654, 14.006843, 
-9.146609, -8.704040, 13.436654, 14.006843, 
-9.146609, -8.704040, 13.436654, 14.006843, 
-9.146609, -8.704040, 13.436654, 14.006843, 
-9.146609, -8.704040, 13.436654, 14.006843, 
-9.146609, -8.704040, 13.436654, 14.006843, 
-9.146609, -8.704040, 13.436654, 14.006843, 
-9.146609, -8.704040, 13.436654, 14.006843, 
-9.146609, -8.704040, 13.436654, 14.006843, 
-9.033968, -8.585589, 13.326318, 13.991758, 
-9.033968, -8.585589, 13.326318, 13.991758, 
-9.033968, -8.585589, 13.326318, 13.991758, 
-9.033968, -8.585589, 13.326318, 13.991758, 
-9.033968, -8.585589, 13.326318, 13.991758, 
-9.033968, -8.585589, 13.326318, 13.991758, 
-9.033968, -8.585589, 13.326318, 13.991758, 
-9.033968, -8.585589, 13.326318, 13.991758, 
-1.997827, 0.016240, 2.608919, 5.619268, 
-1.038000, 0.247911, 1.377361, 4.524431, 
-1.038000, 0.247911, 1.377361, 4.524431, 
-1.038000, 0.247911, 1.377361, 4.524431, 
-0.775591, 0.651297, 1.111736, 4.318683, 
-0.663079, 1.315762, 0.778865, 4.029016, 
-0.464540, 2.029450, 0.629210, 3.966737, 
-0.464540, 2.029450, 0.629210, 3.966737, 
-0.226958, 1.669964, 0.765668, 3.780509, 
-0.492731, 1.506912, 0.949857, 4.151195, 
-0.245823, 0.933945, 1.256939, 4.118918, 
-0.017887, 1.467528, 0.940732, 3.835807, 
0.329732, 1.680393, 0.917704, 3.873985, 
0.329732, 1.680393, 0.917704, 3.873985, 
0.664495, 1.867101, 0.970588, 4.003074, 
0.664495, 1.867101, 0.970588, 4.003074, 
0.664495, 1.867101, 0.970588, 4.003074, 
0.556537, 1.726739, 1.098228, 4.234724, 
0.556537, 1.726739, 1.098228, 4.234724, 
0.556537, 1.726739, 1.098228, 4.234724, 
0.700040, 1.721992, 1.160906, 4.189500, 
0.700040, 1.721992, 1.160906, 4.189500, 
1.012302, 1.537198, 1.323270, 4.288315, 
1.012302, 1.537198, 1.323270, 4.288315, 
0.969940, 1.520812, 1.343994, 4.374764, 
1.245186, 1.428554, 1.363349, 4.081523, 
1.201465, 1.422733, 1.447017, 4.034574, 
1.071863, 1.936917, 1.392516, 3.988395, 
0.983313, 2.096582, 1.411280, 4.049775, 
0.960962, 2.027698, 1.461879, 4.207276, 
0.808091, 1.900135, 1.516706, 4.352459, 
0.808091, 1.900135, 1.516706, 4.352459, 
0.949225, 2.055455, 1.590418, 3.902145, 
1.009834, 2.023410, 1.747012, 3.592603, 
1.009834, 2.023410, 1.747012, 3.592603, 
0.986697, 1.952381, 1.750475, 3.765964, 
0.986697, 1.952381, 1.750475, 3.765964, 
0.912638, 1.987189, 1.937720, 3.848183, 
0.912638, 1.987189, 1.937720, 3.848183, 
1.008643, 1.823175, 1.952930, 4.217659, 
0.920845, 1.865674, 2.044838, 4.112656, 
0.868453, 1.980149, 2.172668, 4.215846, 
0.855333, 1.970982, 2.184326, 4.052587, 
0.646521, 2.136363, 2.413545, 4.028528, 
0.716547, 2.094650, 2.375520, 4.131216, 
0.716547, 2.094650, 2.375520, 4.131216, 
0.716547, 2.094650, 2.375520, 4.131216, 
0.659009, 2.157033, 2.440356, 4.215397, 
0.767160, 2.118608, 2.441340, 4.340562, 
0.767160, 2.118608, 2.441340, 4.340562, 
0.767160, 2.118608, 2.441340, 4.340562, 
0.826713, 2.183955, 2.676485, 4.271606, 
0.826713, 2.183955, 2.676485, 4.271606, 
0.826713, 2.183955, 2.676485, 4.271606, 
0.843913, 2.190141, 2.694779, 4.170056, 
0.843913, 2.190141, 2.694779, 4.170056, 
0.843913, 2.190141, 2.694779, 4.170056, 
0.843913, 2.190141, 2.694779, 4.170056, 
0.843913, 2.190141, 2.694779, 4.170056, 
0.843913, 2.190141, 2.694779, 4.170056, 
0.794199, 2.254140, 2.810423, 4.140695, 
0.887324, 2.257984, 2.891492, 4.146467, 
0.887324, 2.257984, 2.891492, 4.146467, 
0.887324, 2.257984, 2.891492, 4.146467, 
0.961891, 2.159987, 2.862013, 4.198288, 
0.961891, 2.159987, 2.862013, 4.198288, 
0.961891, 2.159987, 2.862013, 4.198288, 
0.961891, 2.159987, 2.862013, 4.198288, 
0.967120, 2.174006, 2.878615, 3.935792, 
0.967120, 2.174006, 2.878615, 3.935792, 
0.967120, 2.174006, 2.878615, 3.935792, 
0.967120, 2.174006, 2.878615, 3.935792, 
0.967120, 2.174006, 2.878615, 3.935792, 
0.845484, 2.031905, 3.039613, 4.241201, 
0.845484, 2.031905, 3.039613, 4.241201, 
0.899928, 2.088720, 2.913996, 3.942805, 
0.899928, 2.088720, 2.913996, 3.942805, 
0.899928, 2.088720, 2.913996, 3.942805, 
0.874525, 1.987883, 2.977818, 3.957214, 
0.874525, 1.987883, 2.977818, 3.957214, 
0.874525, 1.987883, 2.977818, 3.957214, 
0.874525, 1.987883, 2.977818, 3.957214, 
0.874525, 1.987883, 2.977818, 3.957214, 
0.874525, 1.987883, 2.977818, 3.957214, 
0.874525, 1.987883, 2.977818, 3.957214, 
0.874525, 1.987883, 2.977818, 3.957214, 
0.874525, 1.987883, 2.977818, 3.957214, 
0.874525, 1.987883, 2.977818, 3.957214, 
0.874525, 1.987883, 2.977818, 3.957214, 
0.916185, 2.005506, 3.062083, 3.969631, 
0.916185, 2.005506, 3.062083, 3.969631, 
0.983263, 1.928060, 3.046552, 4.004901, 
0.983263, 1.928060, 3.046552, 4.004901, 
0.983263, 1.928060, 3.046552, 4.004901, 
0.983263, 1.928060, 3.046552, 4.004901, 
0.983263, 1.928060, 3.046552, 4.004901, 
0.983263, 1.928060, 3.046552, 4.004901, 
0.983263, 1.928060, 3.046552, 4.004901, 
0.983263, 1.928060, 3.046552, 4.004901, 
1.025663, 1.906041, 3.015745, 4.056301, 
1.042221, 1.925749, 2.967981, 4.109628, 
1.042221, 1.925749, 2.967981, 4.109628, 
0.983225, 1.912021, 3.000596, 4.027718, 
0.983225, 1.912021, 3.000596, 4.027718, 
0.983225, 1.912021, 3.000596, 4.027718, 
0.983225, 1.912021, 3.000596, 4.027718, 
0.983225, 1.912021, 3.000596, 4.027718, 
0.983225, 1.912021, 3.000596, 4.027718, 
0.983225, 1.912021, 3.000596, 4.027718, 
0.966881, 1.919840, 3.031644, 4.011675, 
0.966881, 1.919840, 3.031644, 4.011675, 
0.945514, 1.956191, 3.008289, 4.030770, 
0.945514, 1.956191, 3.008289, 4.030770, 
0.945514, 1.956191, 3.008289, 4.030770, 
0.945514, 1.956191, 3.008289, 4.030770, 
0.945514, 1.956191, 3.008289, 4.030770, 
0.980002, 1.940078, 2.983674, 4.057809, 
0.980002, 1.940078, 2.983674, 4.057809, 
0.943220, 1.926999, 2.976490, 4.011670, 
0.943220, 1.926999, 2.976490, 4.011670, 
0.943220, 1.926999, 2.976490, 4.011670, 
1.006250, 1.919211, 2.966764, 4.027452, 
1.006250, 1.919211, 2.966764, 4.027452, 
1.006250, 1.919211, 2.966764, 4.027452, 
1.006250, 1.919211, 2.966764, 4.027452, 
1.042146, 1.931422, 2.998317, 4.066319, 
1.034573, 1.945611, 3.009603, 4.059769, 
1.034573, 1.945611, 3.009603, 4.059769, 
0.968429, 1.971072, 2.976740, 4.054276, 
0.938240, 1.975356, 2.996938, 4.050886, 
1.000516, 1.976499, 3.052892, 4.077608, 
0.956618, 1.964806, 2.994293, 4.079464, 
0.956618, 1.964806, 2.994293, 4.079464, 
0.956618, 1.964806, 2.994293, 4.079464, 
0.956618, 1.964806, 2.994293, 4.079464, 
0.956618, 1.964806, 2.994293, 4.079464, 
0.956618, 1.964806, 2.994293, 4.079464, 
0.956618, 1.964806, 2.994293, 4.079464, 
0.932149, 1.974485, 3.017801, 4.089763, 
0.980151, 1.983814, 3.016683, 4.115318, 
0.980151, 1.983814, 3.016683, 4.115318, 
0.980151, 1.983814, 3.016683, 4.115318, 
0.980151, 1.983814, 3.016683, 4.115318, 
0.980151, 1.983814, 3.016683, 4.115318, 
0.980151, 1.983814, 3.016683, 4.115318, 
0.980151, 1.983814, 3.016683, 4.115318, 
0.980151, 1.983814, 3.016683, 4.115318, 
0.980151, 1.983814, 3.016683, 4.115318, 
0.980151, 1.983814, 3.016683, 4.115318, 
0.980151, 1.983814, 3.016683, 4.115318, 
0.980151, 1.983814, 3.016683, 4.115318, 
0.980151, 1.983814, 3.016683, 4.115318, 
1.010243, 1.959316, 2.992018, 4.054469, 
1.010243, 1.959316, 2.992018, 4.054469, 
1.010243, 1.959316, 2.992018, 4.054469, 
1.010243, 1.959316, 2.992018, 4.054469, 
1.010243, 1.959316, 2.992018, 4.054469, 
1.010243, 1.959316, 2.992018, 4.054469, 
1.010243, 1.959316, 2.992018, 4.054469, 
1.010243, 1.959316, 2.992018, 4.054469, 
1.010243, 1.959316, 2.992018, 4.054469, 
1.010243, 1.959316, 2.992018, 4.054469, 
1.010243, 1.959316, 2.992018, 4.054469, 
1.010243, 1.959316, 2.992018, 4.054469, 
1.010243, 1.959316, 2.992018, 4.054469, 
1.010243, 1.959316, 2.992018, 4.054469, 
1.010243, 1.959316, 2.992018, 4.054469, 
1.010243, 1.959316, 2.992018, 4.054469, 
1.010243, 1.959316, 2.992018, 4.054469, 
1.010243, 1.959316, 2.992018, 4.054469, 
1.010243, 1.959316, 2.992018, 4.054469, 
1.010243, 1.959316, 2.992018, 4.054469, 
1.010846, 1.977490, 3.030100, 4.070310, 
1.010846, 1.977490, 3.030100, 4.070310, 
1.010846, 1.977490, 3.030100, 4.070310, 
1.010846, 1.977490, 3.030100, 4.070310, 
1.010846, 1.977490, 3.030100, 4.070310, 
1.010846, 1.977490, 3.030100, 4.070310, 
1.010846, 1.977490, 3.030100, 4.070310, 
0.991237, 1.975828, 3.040111, 4.024364, 
1.015249, 1.947655, 3.033828, 4.024174, 
1.015249, 1.947655, 3.033828, 4.024174, 
1.015249, 1.947655, 3.033828, 4.024174, 
1.015249, 1.947655, 3.033828, 4.024174, 
1.013100, 1.922076, 3.026636, 4.029446, 
1.019582, 1.945409, 3.023847, 4.046652, 
0.992690, 1.954995, 3.008561, 4.090171, 
0.999701, 1.976567, 3.007730, 4.084601, 
0.999701, 1.976567, 3.007730, 4.084601, 
1.019353, 1.950754, 2.997272, 4.066926, 
0.972522, 1.971055, 3.018455, 4.021419, 
0.982150, 1.945377, 2.999172, 4.012928, 
0.977518, 1.964832, 2.980084, 4.045986, 
0.977518, 1.964832, 2.980084, 4.045986, 
0.956637, 1.964221, 3.046783, 4.024942, 
0.956637, 1.964221, 3.046783, 4.024942, 
0.956637, 1.964221, 3.046783, 4.024942, 
0.956637, 1.964221, 3.046783, 4.024942, 
0.956637, 1.964221, 3.046783, 4.024942, 
1.027161, 1.943585, 2.985676, 4.068426, 
0.998360, 1.930965, 2.967509, 4.057355, 
0.998360, 1.930965, 2.967509, 4.057355, 
0.998360, 1.930965, 2.967509, 4.057355, 
0.998360, 1.930965, 2.967509, 4.057355, 
0.952187, 1.959630, 3.002794, 4.049325, 
0.962405, 1.967255, 3.026572, 4.050747, 
0.962405, 1.967255, 3.026572, 4.050747, 
0.962405, 1.967255, 3.026572, 4.050747, 
0.978479, 1.958148, 3.003301, 4.063471, 
0.996438, 1.938031, 2.986961, 4.050609, 
0.996438, 1.938031, 2.986961, 4.050609, 
0.996438, 1.938031, 2.986961, 4.050609, 
0.996438, 1.938031, 2.986961, 4.050609, 
0.996438, 1.938031, 2.986961, 4.050609, 
0.949737, 1.923234, 2.984730, 4.038407, 
0.949737, 1.923234, 2.984730, 4.038407, 
0.949737, 1.923234, 2.984730, 4.038407, 
0.949737, 1.923234, 2.984730, 4.038407, 
0.958569, 1.895110, 2.963444, 4.046231, 
0.965643, 1.866711, 3.002452, 4.062349, 
0.946907, 1.903035, 3.017802, 4.102094, 
0.946907, 1.903035, 3.017802, 4.102094, 
0.946907, 1.903035, 3.017802, 4.102094, 
0.946907, 1.903035, 3.017802, 4.102094, 
0.983067, 1.923172, 3.065367, 4.119109, 
0.960310, 1.939937, 3.039478, 4.129803, 
0.990386, 1.910062, 2.976038, 4.095750, 
0.990386, 1.910062, 2.976038, 4.095750, 
0.990386, 1.910062, 2.976038, 4.095750, 
0.957499, 1.893196, 3.015367, 4.098376, 
0.957499, 1.893196, 3.015367, 4.098376, 
0.957499, 1.893196, 3.015367, 4.098376, 
0.957499, 1.893196, 3.015367, 4.098376, 
0.957499, 1.893196, 3.015367, 4.098376, 
0.987980, 1.912526, 2.995500, 4.093726, 
0.987980, 1.912526, 2.995500, 4.093726, 
0.971236, 1.869777, 3.009230, 4.083782, 
0.971236, 1.869777, 3.009230, 4.083782, 
0.971236, 1.869777, 3.009230, 4.083782, 
0.971236, 1.869777, 3.009230, 4.083782, 
0.969807, 1.888309, 3.022610, 4.091211, 
0.937837, 1.883820, 3.025183, 4.091499, 
0.937837, 1.883820, 3.025183, 4.091499, 
0.937837, 1.883820, 3.025183, 4.091499, 
0.944267, 1.915973, 3.024093, 4.061909, 
0.944267, 1.915973, 3.024093, 4.061909, 
0.933153, 1.936184, 3.011266, 4.017717, 
0.933153, 1.936184, 3.011266, 4.017717, 
0.933153, 1.936184, 3.011266, 4.017717, 
0.933153, 1.936184, 3.011266, 4.017717, 
0.996566, 1.944614, 3.033979, 4.012074, 
0.972850, 1.947743, 3.030686, 4.051228, 
0.972850, 1.947743, 3.030686, 4.051228, 
0.972850, 1.947743, 3.030686, 4.051228, 
0.972850, 1.947743, 3.030686, 4.051228, 
0.972850, 1.947743, 3.030686, 4.051228, 
0.972850, 1.947743, 3.030686, 4.051228, 
0.972850, 1.947743, 3.030686, 4.051228, 
0.972850, 1.947743, 3.030686, 4.051228, 
0.972850, 1.947743, 3.030686, 4.051228, 
0.946298, 1.964346, 3.088006, 4.027790, 
0.946298, 1.964346, 3.088006, 4.027790, 
0.946298, 1.964346, 3.088006, 4.027790, 
0.931718, 1.952689, 3.107709, 4.022487, 
0.931718, 1.952689, 3.107709, 4.022487, 
0.931718, 1.952689, 3.107709, 4.022487, 
0.931718, 1.952689, 3.107709, 4.022487, 
0.931718, 1.952689, 3.107709, 4.022487, 
0.990245, 1.933658, 3.116257, 4.007482, 
0.988469, 1.905986, 3.095596, 4.039644, 
0.988469, 1.905986, 3.095596, 4.039644, 
0.988469, 1.905986, 3.095596, 4.039644, 
0.988469, 1.905986, 3.095596, 4.039644, 
0.988469, 1.905986, 3.095596, 4.039644, 
0.988469, 1.905986, 3.095596, 4.039644, 
0.988469, 1.905986, 3.095596, 4.039644, 
1.017096, 1.930051, 3.059679, 4.145263, 
1.017096, 1.930051, 3.059679, 4.145263, 
1.017096, 1.930051, 3.059679, 4.145263, 
1.017096, 1.930051, 3.059679, 4.145263, 
1.017096, 1.930051, 3.059679, 4.145263, 
1.017096, 1.930051, 3.059679, 4.145263, 
1.017096, 1.930051, 3.059679, 4.145263, 
0.977237, 1.922077, 3.083457, 4.103681, 
0.977237, 1.922077, 3.083457, 4.103681, 
0.977237, 1.922077, 3.083457, 4.103681, 
0.977237, 1.922077, 3.083457, 4.103681, 
0.977237, 1.922077, 3.083457, 4.103681, 
0.990951, 1.927924, 3.033584, 4.086522, 
0.990951, 1.927924, 3.033584, 4.086522, 
0.990951, 1.927924, 3.033584, 4.086522, 
0.990951, 1.927924, 3.033584, 4.086522, 
0.990951, 1.927924, 3.033584, 4.086522, 
0.990951, 1.927924, 3.033584, 4.086522, 
1.020452, 1.946488, 3.018149, 4.081805, 
1.020452, 1.946488, 3.018149, 4.081805, 
1.025389, 1.956977, 3.031295, 4.086795, 
1.025389, 1.956977, 3.031295, 4.086795, 
1.025389, 1.956977, 3.031295, 4.086795, 
1.025389, 1.956977, 3.031295, 4.086795, 
1.025389, 1.956977, 3.031295, 4.086795, 
1.008612, 1.925297, 3.050851, 4.118165, 
1.008612, 1.925297, 3.050851, 4.118165, 
1.008612, 1.925297, 3.050851, 4.118165, 
1.008612, 1.925297, 3.050851, 4.118165, 
1.008612, 1.925297, 3.050851, 4.118165, 
0.978515, 1.970858, 3.027041, 4.122085, 
0.978515, 1.970858, 3.027041, 4.122085, 
0.952360, 1.953949, 3.036468, 4.125164, 
0.952360, 1.953949, 3.036468, 4.125164, 
0.952360, 1.953949, 3.036468, 4.125164, 
0.952360, 1.953949, 3.036468, 4.125164, 
0.963873, 1.962591, 2.960426, 4.134657, 
0.963873, 1.962591, 2.960426, 4.134657, 
0.963873, 1.962591, 2.960426, 4.134657, 
0.963873, 1.962591, 2.960426, 4.134657, 
0.967778, 1.923722, 3.009326, 4.120611, 
0.967778, 1.923722, 3.009326, 4.120611, 
0.967778, 1.923722, 3.009326, 4.120611, 
0.967778, 1.923722, 3.009326, 4.120611, 
0.972889, 1.925343, 2.994230, 4.099342, 
0.972889, 1.925343, 2.994230, 4.099342, 
0.972889, 1.925343, 2.994230, 4.099342, 
0.972889, 1.925343, 2.994230, 4.099342, 
0.972889, 1.925343, 2.994230, 4.099342, 
0.972889, 1.925343, 2.994230, 4.099342, 
0.972889, 1.925343, 2.994230, 4.099342, 
0.972889, 1.925343, 2.994230, 4.099342, 
0.972889, 1.925343, 2.994230, 4.099342, 
0.972889, 1.925343, 2.994230, 4.099342, 
0.972889, 1.925343, 2.994230, 4.099342, 
0.972889, 1.925343, 2.994230, 4.099342, 
0.972889, 1.925343, 2.994230, 4.099342, 
0.972889, 1.925343, 2.994230, 4.099342, 
0.980883, 1.901394, 3.076529, 4.043319, 
0.980883, 1.901394, 3.076529, 4.043319, 
0.994639, 1.977890, 3.073023, 4.047723, 
0.994639, 1.977890, 3.073023, 4.047723, 
0.994639, 1.977890, 3.073023, 4.047723, 
0.982849, 1.923254, 3.041359, 4.019305, 
0.932994, 1.957418, 3.046049, 4.046692, 
0.932994, 1.957418, 3.046049, 4.046692, 
0.928205, 1.964052, 3.014100, 4.053852, 
0.947607, 1.950045, 3.010913, 4.050055, 
0.947607, 1.950045, 3.010913, 4.050055, 
0.947607, 1.950045, 3.010913, 4.050055, 
0.947607, 1.950045, 3.010913, 4.050055, 
0.989540, 1.954053, 3.030990, 4.026282, 
0.989540, 1.954053, 3.030990, 4.026282, 
0.950269, 1.950645, 3.012386, 4.049143, 
0.950269, 1.950645, 3.012386, 4.049143, 
0.950269, 1.950645, 3.012386, 4.049143, 
0.950269, 1.950645, 3.012386, 4.049143, 
0.950269, 1.950645, 3.012386, 4.049143, 
0.950269, 1.950645, 3.012386, 4.049143, 
0.950269, 1.950645, 3.012386, 4.049143, 
0.950945, 1.948719, 2.992913, 4.024734, 
0.950945, 1.948719, 2.992913, 4.024734, 
0.950945, 1.948719, 2.992913, 4.024734, 
0.950945, 1.948719, 2.992913, 4.024734, 
0.950945, 1.948719, 2.992913, 4.024734, 
0.950945, 1.948719, 2.992913, 4.024734, 
0.950945, 1.948719, 2.992913, 4.024734, 
0.922567, 1.943224, 2.990419, 4.047000, 
0.944215, 1.921186, 3.004403, 4.087574, 
0.944215, 1.921186, 3.004403, 4.087574, 
0.946703, 1.939149, 2.978070, 4.080271, 
0.936851, 1.957437, 2.974464, 4.041886, 
0.967685, 1.985161, 2.980128, 4.027014, 
0.967685, 1.985161, 2.980128, 4.027014, 
0.992221, 2.007444, 2.996547, 4.032396, 
0.968660, 1.956228, 3.003768, 4.049350, 
0.986269, 1.928778, 3.032014, 4.030326, 
0.986269, 1.928778, 3.032014, 4.030326, 
0.986269, 1.928778, 3.032014, 4.030326, 
0.962763, 1.972777, 3.012314, 4.083282, 
0.962763, 1.972777, 3.012314, 4.083282, 
0.962763, 1.972777, 3.012314, 4.083282, 
0.962763, 1.972777, 3.012314, 4.083282, 
0.962763, 1.972777, 3.012314, 4.083282, 
0.962763, 1.972777, 3.012314, 4.083282, 
0.962763, 1.972777, 3.012314, 4.083282, 
0.962763, 1.972777, 3.012314, 4.083282, 
0.960113, 1.967596, 2.992465, 4.032366, 
0.979169, 1.926947, 3.028465, 4.085853, 
0.979169, 1.926947, 3.028465, 4.085853, 
0.979169, 1.926947, 3.028465, 4.085853, 
0.972803, 1.910188, 2.991404, 4.076040, 
0.972803, 1.910188, 2.991404, 4.076040, 
0.972803, 1.910188, 2.991404, 4.076040, 
0.972803, 1.910188, 2.991404, 4.076040, 
0.955951, 1.942396, 3.011194, 4.105063, 
0.934555, 1.935613, 2.992553, 4.098802, 
0.934555, 1.935613, 2.992553, 4.098802, 
0.934555, 1.935613, 2.992553, 4.098802, 
0.934555, 1.935613, 2.992553, 4.098802, 
0.934555, 1.935613, 2.992553, 4.098802, 
0.978065, 1.921354, 3.017349, 4.064840, 
1.006344, 1.891623, 3.011437, 4.083347, 
1.006344, 1.891623, 3.011437, 4.083347, 
1.006344, 1.891623, 3.011437, 4.083347, 
0.991047, 1.907326, 3.029656, 4.084687, 
1.006419, 1.921964, 3.034573, 4.095401, 
1.006419, 1.921964, 3.034573, 4.095401, 
1.006419, 1.921964, 3.034573, 4.095401, 
1.006419, 1.921964, 3.034573, 4.095401, 
1.006419, 1.921964, 3.034573, 4.095401, 
1.006419, 1.921964, 3.034573, 4.095401, 
1.006419, 1.921964, 3.034573, 4.095401, 
1.006419, 1.921964, 3.034573, 4.095401, 
1.006419, 1.921964, 3.034573, 4.095401, 
1.006419, 1.921964, 3.034573, 4.095401, 
0.956516, 1.931133, 3.030882, 4.086632, 
0.956516, 1.931133, 3.030882, 4.086632, 
0.975201, 1.934977, 3.047990, 4.051842, 
0.975201, 1.934977, 3.047990, 4.051842, 
0.975201, 1.934977, 3.047990, 4.051842, 
0.980168, 1.958028, 3.054415, 4.016217, 
1.035571, 1.941984, 3.045474, 4.016421, 
1.035571, 1.941984, 3.045474, 4.016421, 
1.007672, 1.944358, 3.037541, 4.038833, 
1.007672, 1.944358, 3.037541, 4.038833, 
1.006545, 1.991031, 3.011323, 4.049726, 
1.006545, 1.991031, 3.011323, 4.049726, 
1.000973, 1.925759, 3.043061, 4.060005, 
1.015827, 1.936993, 3.019003, 4.064122, 
1.015827, 1.936993, 3.019003, 4.064122, 
1.015827, 1.936993, 3.019003, 4.064122, 
1.015827, 1.936993, 3.019003, 4.064122, 
1.015827, 1.936993, 3.019003, 4.064122, 
1.007839, 1.913397, 3.021895, 4.053856, 
1.007839, 1.913397, 3.021895, 4.053856, 
1.007839, 1.913397, 3.021895, 4.053856, 
0.961744, 1.928904, 2.983519, 4.108845, 
0.999437, 1.944485, 2.959759, 4.053560, 
0.999437, 1.944485, 2.959759, 4.053560, 
0.995445, 1.977160, 2.992116, 4.018383, 
1.019205, 1.978160, 2.988231, 4.089388, 
1.019205, 1.978160, 2.988231, 4.089388, 
1.019205, 1.978160, 2.988231, 4.089388, 
1.019205, 1.978160, 2.988231, 4.089388, 
0.987113, 1.977793, 3.003241, 4.105481, 
0.987113, 1.977793, 3.003241, 4.105481, 
0.987113, 1.977793, 3.003241, 4.105481, 
0.987113, 1.977793, 3.003241, 4.105481, 
1.004414, 1.975713, 2.970877, 4.102360, 
1.020025, 1.953755, 2.969411, 4.084536, 
1.020025, 1.953755, 2.969411, 4.084536, 
0.988332, 1.917787, 3.022877, 4.124772, 
1.021919, 1.951125, 3.051125, 4.092860, 
1.026952, 1.954766, 3.026667, 4.119212, 
1.087097, 1.955419, 3.048661, 4.094363, 
1.086369, 1.971347, 3.021157, 4.103148, 
1.047374, 1.989137, 3.065623, 4.077451, 
1.024745, 2.035819, 3.024266, 4.059157, 
1.024745, 2.035819, 3.024266, 4.059157, 
0.985437, 2.054024, 3.047398, 4.016567, 
1.014076, 2.038092, 2.999525, 4.060210, 
0.996554, 2.023548, 2.970632, 4.111486, 
0.976109, 2.055273, 3.035019, 4.049214, 
0.976109, 2.055273, 3.035019, 4.049214, 
0.946145, 2.048180, 3.015822, 4.059458, 
0.946145, 2.048180, 3.015822, 4.059458, 
0.946145, 2.048180, 3.015822, 4.059458, 
0.946145, 2.048180, 3.015822, 4.059458, 
0.946145, 2.048180, 3.015822, 4.059458, 
0.932592, 2.019170, 3.084736, 4.067955, 
0.932592, 2.019170, 3.084736, 4.067955, 
0.932592, 2.019170, 3.084736, 4.067955, 
0.932592, 2.019170, 3.084736, 4.067955, 
0.932592, 2.019170, 3.084736, 4.067955, 
0.932592, 2.019170, 3.084736, 4.067955, 
0.932592, 2.019170, 3.084736, 4.067955, 
0.932592, 2.019170, 3.084736, 4.067955, 
0.932592, 2.019170, 3.084736, 4.067955, 
0.932592, 2.019170, 3.084736, 4.067955, 
0.932592, 2.019170, 3.084736, 4.067955, 
0.932592, 2.019170, 3.084736, 4.067955, 
0.944763, 1.996921, 3.051140, 4.047327, 
0.944763, 1.996921, 3.051140, 4.047327, 
0.944763, 1.996921, 3.051140, 4.047327, 
0.944763, 1.996921, 3.051140, 4.047327, 
0.944763, 1.996921, 3.051140, 4.047327, 
0.944763, 1.996921, 3.051140, 4.047327, 
0.944763, 1.996921, 3.051140, 4.047327, 
0.944763, 1.996921, 3.051140, 4.047327, 
0.944763, 1.996921, 3.051140, 4.047327, 
0.979634, 1.972143, 3.054899, 4.046769, 
0.979634, 1.972143, 3.054899, 4.046769, 
0.966459, 1.977552, 3.057854, 4.039846, 
0.939779, 1.944746, 3.053758, 4.023552, 
0.939779, 1.944746, 3.053758, 4.023552, 
0.961695, 1.968996, 3.063667, 4.044524, 
0.961695, 1.968996, 3.063667, 4.044524, 
0.961695, 1.968996, 3.063667, 4.044524, 
0.978391, 2.015015, 3.061686, 4.059258, 
0.931021, 1.987282, 3.012083, 4.045962, 
0.931021, 1.987282, 3.012083, 4.045962, 
0.931021, 1.987282, 3.012083, 4.045962, 
0.931021, 1.987282, 3.012083, 4.045962, 
0.931021, 1.987282, 3.012083, 4.045962, 
0.939691, 1.994760, 2.989818, 4.039079, 
0.939691, 1.994760, 2.989818, 4.039079, 
0.954971, 1.962399, 3.015875, 4.052450, 
0.954971, 1.962399, 3.015875, 4.052450, 
0.954971, 1.962399, 3.015875, 4.052450, 
0.954971, 1.962399, 3.015875, 4.052450, 
0.964866, 1.994484, 3.026325, 4.039750, 
0.984595, 1.974533, 3.058620, 4.014467, 
0.982548, 1.975504, 3.047480, 4.013902, 
0.982548, 1.975504, 3.047480, 4.013902, 
0.982548, 1.975504, 3.047480, 4.013902, 
0.982548, 1.975504, 3.047480, 4.013902, 
0.982548, 1.975504, 3.047480, 4.013902, 
0.982548, 1.975504, 3.047480, 4.013902, 
0.982548, 1.975504, 3.047480, 4.013902, 
0.982548, 1.975504, 3.047480, 4.013902, 
0.932568, 1.935980, 3.048043, 4.027470, 
0.932568, 1.935980, 3.048043, 4.027470, 
0.920536, 1.936261, 3.027810, 4.033005, 
0.920536, 1.936261, 3.027810, 4.033005, 
0.920536, 1.936261, 3.027810, 4.033005, 
0.920536, 1.936261, 3.027810, 4.033005, 
0.920536, 1.936261, 3.027810, 4.033005, 
0.960491, 1.918041, 3.022958, 4.049880, 
0.960491, 1.918041, 3.022958, 4.049880, 
0.960491, 1.918041, 3.022958, 4.049880, 
0.960491, 1.918041, 3.022958, 4.049880, 
0.960491, 1.918041, 3.022958, 4.049880, 
0.960491, 1.918041, 3.022958, 4.049880, 
0.960491, 1.918041, 3.022958, 4.049880, 
0.960491, 1.918041, 3.022958, 4.049880, 
0.960491, 1.918041, 3.022958, 4.049880, 
0.960491, 1.918041, 3.022958, 4.049880, 
0.960491, 1.918041, 3.022958, 4.049880, 
0.987587, 1.929866, 3.011996, 4.079739, 
0.987587, 1.929866, 3.011996, 4.079739, 
0.987587, 1.929866, 3.011996, 4.079739, 
0.987587, 1.929866, 3.011996, 4.079739, 
0.986799, 1.920103, 3.023139, 4.078139, 
0.986799, 1.920103, 3.023139, 4.078139, 
0.986279, 1.937481, 3.035559, 4.026678, 
0.982763, 1.943919, 3.030114, 4.041927, 
0.982763, 1.943919, 3.030114, 4.041927, 
0.982763, 1.943919, 3.030114, 4.041927, 
0.975964, 1.933716, 3.031383, 4.047277, 
0.975964, 1.933716, 3.031383, 4.047277, 
0.979045, 1.973237, 3.062806, 4.035400, 
0.979045, 1.973237, 3.062806, 4.035400, 
0.979045, 1.973237, 3.062806, 4.035400, 
0.979045, 1.973237, 3.062806, 4.035400, 
0.959965, 1.996960, 3.020610, 4.029131, 
0.959965, 1.996960, 3.020610, 4.029131, 
0.959965, 1.996960, 3.020610, 4.029131, 
0.959965, 1.996960, 3.020610, 4.029131, 
0.959965, 1.996960, 3.020610, 4.029131, 
0.972685, 1.986850, 3.011039, 4.000824, 
0.972685, 1.986850, 3.011039, 4.000824, 
0.981414, 1.985542, 3.017271, 4.008889, 
0.988479, 2.000337, 2.984569, 4.023673, 
0.984376, 1.990258, 3.011207, 4.013603, 
0.984376, 1.990258, 3.011207, 4.013603, 
0.984376, 1.990258, 3.011207, 4.013603, 
0.984376, 1.990258, 3.011207, 4.013603, 
0.976100, 1.950441, 3.008723, 4.026217, 
0.976100, 1.950441, 3.008723, 4.026217, 
0.976100, 1.950441, 3.008723, 4.026217, 
0.976100, 1.950441, 3.008723, 4.026217, 
0.976100, 1.950441, 3.008723, 4.026217, 
0.976100, 1.950441, 3.008723, 4.026217, 
0.976100, 1.950441, 3.008723, 4.026217, 
0.976100, 1.950441, 3.008723, 4.026217, 
0.976100, 1.950441, 3.008723, 4.026217, 
0.976100, 1.950441, 3.008723, 4.026217, 
0.976100, 1.950441, 3.008723, 4.026217, 
0.976100, 1.950441, 3.008723, 4.026217, 
0.976100, 1.950441, 3.008723, 4.026217, 
0.976100, 1.950441, 3.008723, 4.026217, 
0.982099, 1.924045, 3.014977, 4.090319, 
0.980035, 1.939231, 3.026214, 4.079070, 
0.982472, 1.962503, 3.033186, 4.041947, 
0.982472, 1.962503, 3.033186, 4.041947, 
0.982472, 1.962503, 3.033186, 4.041947, 
0.967046, 1.973576, 3.000474, 4.057299, 
0.957704, 1.985126, 3.021217, 4.048193, 
0.957704, 1.985126, 3.021217, 4.048193, 
0.957704, 1.985126, 3.021217, 4.048193, 
0.964506, 1.975733, 3.044388, 4.029186, 
0.995463, 1.962681, 3.005395, 4.056524, 
0.984268, 1.934635, 2.993863, 4.094866, 
0.996877, 1.909969, 3.027063, 4.081943, 
0.996877, 1.909969, 3.027063, 4.081943, 
0.979765, 1.922692, 3.011114, 4.088991, 
0.979765, 1.922692, 3.011114, 4.088991, 
0.979765, 1.922692, 3.011114, 4.088991, 
0.979765, 1.922692, 3.011114, 4.088991, 
1.011516, 1.938672, 2.991512, 4.069469, 
1.011516, 1.938672, 2.991512, 4.069469, 
1.011516, 1.938672, 2.991512, 4.069469, 
1.011516, 1.938672, 2.991512, 4.069469, 
0.994814, 1.946595, 3.002752, 4.098595, 
0.994814, 1.946595, 3.002752, 4.098595, 
0.994814, 1.946595, 3.002752, 4.098595, 
0.994814, 1.946595, 3.002752, 4.098595, 
1.007390, 1.948558, 3.061083, 4.067168, 
1.007390, 1.948558, 3.061083, 4.067168, 
1.007390, 1.948558, 3.061083, 4.067168, 
1.007390, 1.948558, 3.061083, 4.067168, 
1.007390, 1.948558, 3.061083, 4.067168, 
1.007390, 1.948558, 3.061083, 4.067168, 
1.007390, 1.948558, 3.061083, 4.067168, 
1.007390, 1.948558, 3.061083, 4.067168, 
1.007390, 1.948558, 3.061083, 4.067168, 
1.014241, 1.926433, 3.052277, 4.049089, 
0.990929, 1.949576, 3.039075, 4.054363, 
0.990929, 1.949576, 3.039075, 4.054363, 
0.990929, 1.949576, 3.039075, 4.054363, 
0.990929, 1.949576, 3.039075, 4.054363, 
0.990929, 1.949576, 3.039075, 4.054363, 
0.990929, 1.949576, 3.039075, 4.054363, 
0.990929, 1.949576, 3.039075, 4.054363, 
0.967781, 1.952124, 3.067395, 4.036210, 
0.967781, 1.952124, 3.067395, 4.036210, 
0.967781, 1.952124, 3.067395, 4.036210, 
0.967484, 1.975931, 3.045574, 4.006512, 
0.967484, 1.975931, 3.045574, 4.006512, 
0.967484, 1.975931, 3.045574, 4.006512, 
0.961442, 1.962351, 3.038034, 3.992773, 
0.961442, 1.962351, 3.038034, 3.992773, 
0.961442, 1.962351, 3.038034, 3.992773, 
0.961442, 1.962351, 3.038034, 3.992773, 
0.961442, 1.962351, 3.038034, 3.992773, 
0.961442, 1.962351, 3.038034, 3.992773, 
0.961442, 1.962351, 3.038034, 3.992773, 
0.961442, 1.962351, 3.038034, 3.992773, 
0.947697, 1.980652, 3.057474, 4.039029, 
0.947697, 1.980652, 3.057474, 4.039029, 
0.947697, 1.980652, 3.057474, 4.039029, 
0.947697, 1.980652, 3.057474, 4.039029, 
0.947697, 1.980652, 3.057474, 4.039029, 
0.947697, 1.980652, 3.057474, 4.039029, 
0.947697, 1.980652, 3.057474, 4.039029, 
1.016272, 1.983871, 3.098595, 4.086244, 
1.016272, 1.983871, 3.098595, 4.086244, 
1.016272, 1.983871, 3.098595, 4.086244, 
1.016272, 1.983871, 3.098595, 4.086244, 
1.004137, 1.987465, 3.038500, 4.046845, 
1.004137, 1.987465, 3.038500, 4.046845, 
1.004137, 1.987465, 3.038500, 4.046845, 
1.004137, 1.987465, 3.038500, 4.046845, 
1.004137, 1.987465, 3.038500, 4.046845, 
1.004137, 1.987465, 3.038500, 4.046845, 
1.004137, 1.987465, 3.038500, 4.046845, 
1.004137, 1.987465, 3.038500, 4.046845, 
1.004137, 1.987465, 3.038500, 4.046845, 
1.004137, 1.987465, 3.038500, 4.046845, 
0.977471, 1.987684, 3.028316, 4.063611, 
0.958375, 1.967943, 3.026820, 4.056222, 
0.958375, 1.967943, 3.026820, 4.056222, 
0.937726, 1.953953, 3.008380, 4.036517, 
0.937726, 1.953953, 3.008380, 4.036517, 
0.937726, 1.953953, 3.008380, 4.036517, 
0.937726, 1.953953, 3.008380, 4.036517, 
0.937726, 1.953953, 3.008380, 4.036517, 
0.937726, 1.953953, 3.008380, 4.036517, 
0.937726, 1.953953, 3.008380, 4.036517, 
0.937726, 1.953953, 3.008380, 4.036517, 
0.937726, 1.953953, 3.008380, 4.036517, 
0.937726, 1.953953, 3.008380, 4.036517, 
0.937726, 1.953953, 3.008380, 4.036517, 
0.937726, 1.953953, 3.008380, 4.036517, 
0.937726, 1.953953, 3.008380, 4.036517, 
0.958475, 1.935191, 3.030922, 4.053425, 
0.958475, 1.935191, 3.030922, 4.053425, 
0.958475, 1.935191, 3.030922, 4.053425, 
0.958475, 1.935191, 3.030922, 4.053425, 
0.958475, 1.935191, 3.030922, 4.053425, 
0.958475, 1.935191, 3.030922, 4.053425, 
0.961279, 1.950069, 3.007983, 4.054087, 
0.961279, 1.950069, 3.007983, 4.054087, 
0.969964, 1.957882, 3.032572, 4.081557, 
0.969964, 1.957882, 3.032572, 4.081557, 
0.969964, 1.957882, 3.032572, 4.081557, 
0.969964, 1.957882, 3.032572, 4.081557, 
0.948936, 1.970666, 2.994823, 4.069068, 
0.993104, 1.935304, 3.008196, 4.103578, 
0.993644, 1.989185, 3.002181, 4.093537, 
0.966412, 2.001291, 2.999224, 4.091084, 
0.966412, 2.001291, 2.999224, 4.091084, 
0.966412, 2.001291, 2.999224, 4.091084, 
0.965597, 1.920955, 3.008181, 4.106044, 
0.990238, 1.952716, 2.963939, 4.114620, 
0.990238, 1.952716, 2.963939, 4.114620, 
0.964132, 1.921208, 2.984065, 4.091738, 
0.964132, 1.921208, 2.984065, 4.091738, 
0.964132, 1.921208, 2.984065, 4.091738, 
0.964132, 1.921208, 2.984065, 4.091738, 
0.964132, 1.921208, 2.984065, 4.091738, 
0.987988, 1.885630, 3.034132, 4.063510, 
0.987988, 1.885630, 3.034132, 4.063510, 
0.987988, 1.885630, 3.034132, 4.063510, 
0.987988, 1.885630, 3.034132, 4.063510, 
0.987988, 1.885630, 3.034132, 4.063510, 
0.987988, 1.885630, 3.034132, 4.063510, 
1.012027, 1.934082, 3.041153, 4.049585, 
1.012027, 1.934082, 3.041153, 4.049585, 
1.012027, 1.934082, 3.041153, 4.049585, 
1.012027, 1.934082, 3.041153, 4.049585, 
1.012027, 1.934082, 3.041153, 4.049585, 
1.014003, 1.904136, 2.959815, 4.088332, 
1.014003, 1.904136, 2.959815, 4.088332, 
1.014003, 1.904136, 2.959815, 4.088332, 
1.035084, 1.925668, 2.998330, 4.046547, 
1.035084, 1.925668, 2.998330, 4.046547, 
1.035084, 1.925668, 2.998330, 4.046547, 
1.035084, 1.925668, 2.998330, 4.046547, 
1.035084, 1.925668, 2.998330, 4.046547, 
1.035084, 1.925668, 2.998330, 4.046547, 
1.011054, 1.935554, 2.988926, 4.065097, 
1.018402, 1.978856, 2.980101, 4.080890, 
1.018402, 1.978856, 2.980101, 4.080890, 
1.018402, 1.978856, 2.980101, 4.080890, 
1.040467, 1.943768, 2.976242, 4.049141, 
1.040467, 1.943768, 2.976242, 4.049141, 
0.989296, 1.978563, 2.954001, 4.073590, 
0.999101, 1.960170, 2.973184, 4.016172, 
0.999101, 1.960170, 2.973184, 4.016172, 
1.047472, 1.935138, 3.005352, 4.035706, 
1.047472, 1.935138, 3.005352, 4.035706, 
1.047472, 1.935138, 3.005352, 4.035706, 
1.047472, 1.935138, 3.005352, 4.035706, 
1.032840, 1.954047, 2.980720, 4.093962, 
1.032840, 1.954047, 2.980720, 4.093962, 
1.032840, 1.954047, 2.980720, 4.093962, 
1.032840, 1.954047, 2.980720, 4.093962, 
1.032840, 1.954047, 2.980720, 4.093962, 
1.032840, 1.954047, 2.980720, 4.093962, 
0.997868, 1.916714, 2.946967, 4.066366, 
1.008087, 1.891984, 3.008685, 4.060500, 
0.951965, 1.914490, 3.009294, 4.020347, 
0.985111, 1.946259, 3.068167, 4.035994, 
0.985111, 1.946259, 3.068167, 4.035994, 
0.985111, 1.946259, 3.068167, 4.035994, 
1.010246, 1.947212, 3.071526, 4.049443, 
1.017922, 1.895030, 3.035682, 4.103046, 
1.004267, 1.889468, 3.066908, 4.079651, 
1.004267, 1.889468, 3.066908, 4.079651, 
1.004267, 1.889468, 3.066908, 4.079651, 
1.004267, 1.889468, 3.066908, 4.079651, 
1.004267, 1.889468, 3.066908, 4.079651, 
0.979464, 1.891023, 3.045232, 4.075276, 
0.979464, 1.891023, 3.045232, 4.075276, 
0.935665, 1.909315, 3.031592, 4.090558, 
0.935665, 1.909315, 3.031592, 4.090558, 
0.935665, 1.909315, 3.031592, 4.090558, 
0.935665, 1.909315, 3.031592, 4.090558, 
0.911813, 1.900393, 3.036011, 4.073688, 
0.911813, 1.900393, 3.036011, 4.073688, 
0.911813, 1.900393, 3.036011, 4.073688, 
0.911813, 1.900393, 3.036011, 4.073688, 
0.970038, 1.890973, 3.021372, 4.079980, 
1.005195, 1.866555, 3.020948, 4.022985, 
1.005195, 1.866555, 3.020948, 4.022985, 
1.005195, 1.866555, 3.020948, 4.022985, 
1.005195, 1.866555, 3.020948, 4.022985, 
1.005195, 1.866555, 3.020948, 4.022985, 
1.031790, 1.896006, 3.074714, 4.050382, 
1.031790, 1.896006, 3.074714, 4.050382, 
1.031790, 1.896006, 3.074714, 4.050382, 
1.031790, 1.896006, 3.074714, 4.050382, 
1.031790, 1.896006, 3.074714, 4.050382, 
1.031790, 1.896006, 3.074714, 4.050382, 
1.031790, 1.896006, 3.074714, 4.050382, 
1.031790, 1.896006, 3.074714, 4.050382, 
1.031790, 1.896006, 3.074714, 4.050382, 
1.028734, 1.904439, 3.048118, 4.091310, 
1.028734, 1.904439, 3.048118, 4.091310, 
1.028734, 1.904439, 3.048118, 4.091310, 
1.028734, 1.904439, 3.048118, 4.091310, 
1.028734, 1.904439, 3.048118, 4.091310, 
1.036731, 1.889364, 3.040705, 4.062812, 
1.012615, 1.890529, 2.986949, 4.055109, 
1.012615, 1.890529, 2.986949, 4.055109, 
1.012615, 1.890529, 2.986949, 4.055109, 
1.012615, 1.890529, 2.986949, 4.055109, 
1.012615, 1.890529, 2.986949, 4.055109, 
1.012615, 1.890529, 2.986949, 4.055109, 
1.012615, 1.890529, 2.986949, 4.055109, 
1.012615, 1.890529, 2.986949, 4.055109, 
1.024324, 1.927524, 3.052485, 4.091632, 
1.024324, 1.927524, 3.052485, 4.091632, 
1.012892, 1.890609, 2.982611, 4.073114, 
1.012892, 1.890609, 2.982611, 4.073114, 
1.012892, 1.890609, 2.982611, 4.073114, 
1.012892, 1.890609, 2.982611, 4.073114, 
1.012892, 1.890609, 2.982611, 4.073114, 
1.012892, 1.890609, 2.982611, 4.073114, 
1.012892, 1.890609, 2.982611, 4.073114, 
1.021840, 1.908657, 2.992880, 4.022026, 
1.021840, 1.908657, 2.992880, 4.022026, 
1.003010, 1.899901, 2.965484, 4.049686, 
0.994485, 1.894700, 3.008774, 4.007667, 
0.967670, 1.891335, 2.987098, 4.019789, 
0.967670, 1.891335, 2.987098, 4.019789, 
0.967670, 1.891335, 2.987098, 4.019789, 
0.957555, 1.894793, 3.016963, 4.022320, 
0.957555, 1.894793, 3.016963, 4.022320, 
0.957555, 1.894793, 3.016963, 4.022320, 
0.963257, 1.926705, 3.034970, 3.999881, 
1.024335, 1.972361, 3.048363, 4.087324, 
1.024335, 1.972361, 3.048363, 4.087324, 
1.024335, 1.972361, 3.048363, 4.087324, 
1.024335, 1.972361, 3.048363, 4.087324, 
1.024335, 1.972361, 3.048363, 4.087324, 
1.024335, 1.972361, 3.048363, 4.087324, 
1.009773, 1.948801, 3.055392, 4.050395, 
1.009773, 1.948801, 3.055392, 4.050395, 
1.009773, 1.948801, 3.055392, 4.050395, 
1.009773, 1.948801, 3.055392, 4.050395, 
1.009773, 1.948801, 3.055392, 4.050395, 
1.009773, 1.948801, 3.055392, 4.050395, 
0.980076, 1.864396, 3.016226, 4.065718, 
0.980076, 1.864396, 3.016226, 4.065718, 
0.980076, 1.864396, 3.016226, 4.065718, 
0.980076, 1.864396, 3.016226, 4.065718, 
0.997552, 1.873955, 3.034135, 3.998379, 
0.997552, 1.873955, 3.034135, 3.998379, 
0.997552, 1.873955, 3.034135, 3.998379, 
1.028735, 1.887858, 3.037404, 4.003778, 
1.017587, 1.917588, 3.080051, 4.060141, 
1.021554, 1.913306, 3.031407, 4.054803, 
1.011059, 1.935777, 3.064737, 4.047226, 
1.028640, 1.924894, 3.038048, 4.035799, 
1.028640, 1.924894, 3.038048, 4.035799, 
1.028640, 1.924894, 3.038048, 4.035799, 
1.028640, 1.924894, 3.038048, 4.035799, 
1.028640, 1.924894, 3.038048, 4.035799, 
1.028640, 1.924894, 3.038048, 4.035799, 
1.028640, 1.924894, 3.038048, 4.035799, 
1.028640, 1.924894, 3.038048, 4.035799, 
1.069109, 1.942343, 3.035048, 4.050758, 
1.027208, 1.933289, 3.034149, 4.048442, 
1.001663, 1.929684, 3.014296, 4.031343, 
1.001663, 1.929684, 3.014296, 4.031343, 
1.001663, 1.929684, 3.014296, 4.031343, 
1.020622, 1.950537, 3.030239, 4.055023, 
1.000658, 1.970685, 3.030854, 4.033604, 
1.000658, 1.970685, 3.030854, 4.033604, 
1.000658, 1.970685, 3.030854, 4.033604, 
1.000658, 1.970685, 3.030854, 4.033604, 
1.000658, 1.970685, 3.030854, 4.033604, 
1.000658, 1.970685, 3.030854, 4.033604, 
1.009692, 1.979819, 3.041208, 4.021000, 
1.002940, 1.930476, 3.041836, 4.033161, 
1.002940, 1.930476, 3.041836, 4.033161, 
1.002940, 1.930476, 3.041836, 4.033161, 
1.002940, 1.930476, 3.041836, 4.033161, 
1.002940, 1.930476, 3.041836, 4.033161, 
1.002940, 1.930476, 3.041836, 4.033161, 
1.002940, 1.930476, 3.041836, 4.033161, 
1.002940, 1.930476, 3.041836, 4.033161, 
1.012750, 1.950331, 3.041919, 4.061861, 
1.017386, 1.935461, 3.029136, 4.053157, 
1.017386, 1.935461, 3.029136, 4.053157, 
1.017386, 1.935461, 3.029136, 4.053157, 
1.017386, 1.935461, 3.029136, 4.053157, 
1.018510, 1.954395, 3.007994, 4.044073, 
1.018510, 1.954395, 3.007994, 4.044073, 
0.995122, 1.967393, 3.034681, 4.052772, 
1.010577, 1.964466, 3.028353, 4.049514, 
1.010577, 1.964466, 3.028353, 4.049514, 
1.010577, 1.964466, 3.028353, 4.049514, 
0.977565, 1.972910, 3.020836, 4.048150, 
0.977565, 1.972910, 3.020836, 4.048150, 
0.977565, 1.972910, 3.020836, 4.048150, 
0.977565, 1.972910, 3.020836, 4.048150, 
0.977565, 1.972910, 3.020836, 4.048150, 
0.977565, 1.972910, 3.020836, 4.048150, 
0.977565, 1.972910, 3.020836, 4.048150, 
0.977565, 1.972910, 3.020836, 4.048150, 
0.977565, 1.972910, 3.020836, 4.048150, 
0.977565, 1.972910, 3.020836, 4.048150, 
0.977565, 1.972910, 3.020836, 4.048150, 
0.977565, 1.972910, 3.020836, 4.048150, 
0.955401, 1.946696, 3.069955, 4.045764, 
0.955401, 1.946696, 3.069955, 4.045764, 
0.955401, 1.946696, 3.069955, 4.045764, 
1.023260, 1.966486, 3.024945, 4.103220, 
1.020430, 1.940413, 3.037602, 4.105191, 
1.020430, 1.940413, 3.037602, 4.105191, 
1.020430, 1.940413, 3.037602, 4.105191, 
1.033063, 1.947247, 3.027081, 4.107599, 
1.033063, 1.947247, 3.027081, 4.107599, 
1.033063, 1.947247, 3.027081, 4.107599, 
1.033063, 1.947247, 3.027081, 4.107599, 
1.033063, 1.947247, 3.027081, 4.107599, 
1.033063, 1.947247, 3.027081, 4.107599, 
1.033063, 1.947247, 3.027081, 4.107599, 
1.033063, 1.947247, 3.027081, 4.107599, 
1.033063, 1.947247, 3.027081, 4.107599, 
1.021982, 1.945392, 3.040907, 4.090858, 
1.021982, 1.945392, 3.040907, 4.090858, 
1.027867, 1.951844, 3.044399, 4.050962, 
1.011749, 1.880669, 3.008201, 4.055153, 
1.011749, 1.880669, 3.008201, 4.055153, 
1.011749, 1.880669, 3.008201, 4.055153, 
1.011749, 1.880669, 3.008201, 4.055153, 
0.970492, 1.909479, 2.979864, 4.010799, 
0.970492, 1.909479, 2.979864, 4.010799, 
0.970492, 1.909479, 2.979864, 4.010799, 
0.970492, 1.909479, 2.979864, 4.010799, 
0.978543, 1.953053, 2.994220, 3.994193, 
0.960771, 1.929629, 2.987357, 4.023046, 
0.960771, 1.929629, 2.987357, 4.023046, 
0.960771, 1.929629, 2.987357, 4.023046, 
0.960771, 1.929629, 2.987357, 4.023046, 
0.960771, 1.929629, 2.987357, 4.023046, 
0.960771, 1.929629, 2.987357, 4.023046, 
0.960771, 1.929629, 2.987357, 4.023046, 
0.960771, 1.929629, 2.987357, 4.023046, 
0.960771, 1.929629, 2.987357, 4.023046, 
0.969480, 1.947745, 3.036122, 4.031109, 
0.969480, 1.947745, 3.036122, 4.031109, 
0.969480, 1.947745, 3.036122, 4.031109, 
0.973696, 1.942708, 3.010063, 4.011347, 
0.944714, 1.927873, 2.992571, 4.023145, 
0.944714, 1.927873, 2.992571, 4.023145, 
0.944714, 1.927873, 2.992571, 4.023145, 
0.944714, 1.927873, 2.992571, 4.023145, 
0.953613, 1.930110, 2.994427, 4.002713, 
0.953613, 1.930110, 2.994427, 4.002713, 
0.979549, 1.926070, 3.011610, 4.015766, 
0.979549, 1.926070, 3.011610, 4.015766, 
0.969981, 1.919518, 2.983408, 4.027035, 
0.949864, 1.937048, 3.028528, 4.030708, 
0.949864, 1.937048, 3.028528, 4.030708, 
0.949864, 1.937048, 3.028528, 4.030708, 
0.949864, 1.937048, 3.028528, 4.030708, 
0.949864, 1.937048, 3.028528, 4.030708, 
0.952601, 1.940268, 2.997238, 4.039078, 
0.952601, 1.940268, 2.997238, 4.039078, 
0.952601, 1.940268, 2.997238, 4.039078, 
0.952601, 1.940268, 2.997238, 4.039078, 
0.952601, 1.940268, 2.997238, 4.039078, 
