-1.416973, 7.850213, -6.861701, 8.810814, 
-1.416973, 7.850213, -6.861701, 8.810814, 
-1.416973, 7.850213, -6.861701, 8.810814, 
-1.416973, 7.850213, -6.861701, 8.810814, 
-1.416973, 7.850213, -6.861701, 8.810814, 
-1.416973, 7.850213, -6.861701, 8.810814, 
-1.416973, 7.850213, -6.861701, 8.810814, 
-1.416973, 7.850213, -6.861701, 8.810814, 
-1.416973, 7.850213, -6.861701, 8.810814, 
-1.416973, 7.850213, -6.861701, 8.810814, 
-1.416973, 7.850213, -6.861701, 8.810814, 
-1.416973, 7.850213, -6.861701, 8.810814, 
2.990098, -0.347432, 0.956499, 11.810997, 
2.990098, -0.347432, 0.956499, 11.810997, 
2.990098, -0.347432, 0.956499, 11.810997, 
7.754334, -2.488874, -3.473904, 14.910844, 
7.754334, -2.488874, -3.473904, 14.910844, 
7.754334, -2.488874, -3.473904, 14.910844, 
7.754334, -2.488874, -3.473904, 14.910844, 
7.754334, -2.488874, -3.473904, 14.910844, 
2.422635, 1.971335, -1.812305, 9.252232, 
2.422635, 1.971335, -1.812305, 9.252232, 
2.422635, 1.971335, -1.812305, 9.252232, 
2.422635, 1.971335, -1.812305, 9.252232, 
2.422635, 1.971335, -1.812305, 9.252232, 
15.688460, -16.709045, -10.418683, 21.207006, 
15.688460, -16.709045, -10.418683, 21.207006, 
15.688460, -16.709045, -10.418683, 21.207006, 
-2.795354, 0.836811, -0.595213, 5.510935, 
-2.795354, 0.836811, -0.595213, 5.510935, 
-2.795354, 0.836811, -0.595213, 5.510935, 
-2.795354, 0.836811, -0.595213, 5.510935, 
-2.795354, 0.836811, -0.595213, 5.510935, 
-2.795354, 0.836811, -0.595213, 5.510935, 
-2.795354, 0.836811, -0.595213, 5.510935, 
-0.719512, 2.794348, -0.888492, 5.330179, 
-0.719512, 2.794348, -0.888492, 5.330179, 
-0.719512, 2.794348, -0.888492, 5.330179, 
-0.719512, 2.794348, -0.888492, 5.330179, 
-0.719512, 2.794348, -0.888492, 5.330179, 
-0.624764, -0.338276, 0.544981, 6.577273, 
-0.624764, -0.338276, 0.544981, 6.577273, 
-0.624764, -0.338276, 0.544981, 6.577273, 
-0.624764, -0.338276, 0.544981, 6.577273, 
-0.624764, -0.338276, 0.544981, 6.577273, 
-0.624764, -0.338276, 0.544981, 6.577273, 
-1.651684, 1.096266, 0.642971, 6.413002, 
-1.651684, 1.096266, 0.642971, 6.413002, 
-1.651684, 1.096266, 0.642971, 6.413002, 
-1.651684, 1.096266, 0.642971, 6.413002, 
-1.651684, 1.096266, 0.642971, 6.413002, 
-1.420163, 0.827441, 1.302360, 6.384886, 
-1.420163, 0.827441, 1.302360, 6.384886, 
-1.420163, 0.827441, 1.302360, 6.384886, 
-0.857606, 1.182941, 0.965412, 6.058491, 
-0.834776, 1.878043, 0.729652, 5.883422, 
-0.834776, 1.878043, 0.729652, 5.883422, 
-0.634445, 1.410434, 0.507519, 3.959442, 
-0.748980, 1.475150, 0.706978, 3.475404, 
-0.748980, 1.475150, 0.706978, 3.475404, 
-0.748980, 1.475150, 0.706978, 3.475404, 
-0.714825, 0.671549, 0.939224, 4.025184, 
-0.714825, 0.671549, 0.939224, 4.025184, 
-0.642900, 2.050769, 0.686505, 4.299853, 
0.069202, 2.343893, 0.543653, 3.786383, 
-0.576004, 0.747623, 1.267250, 4.440359, 
0.225475, 1.653581, 0.875640, 3.866371, 
0.225475, 1.653581, 0.875640, 3.866371, 
0.074132, 1.572301, 1.004134, 4.075489, 
0.076426, 1.494306, 1.033000, 4.035125, 
0.076426, 1.494306, 1.033000, 4.035125, 
0.154634, 1.692730, 1.183183, 4.682079, 
0.815389, 1.918574, 1.007651, 3.996570, 
0.815389, 1.918574, 1.007651, 3.996570, 
1.053474, 1.641693, 1.111802, 4.105522, 
0.875726, 1.545425, 1.156082, 4.268429, 
0.875726, 1.545425, 1.156082, 4.268429, 
0.813186, 1.469538, 1.263689, 4.385058, 
0.883202, 1.637821, 1.314462, 4.315900, 
0.883202, 1.637821, 1.314462, 4.315900, 
0.883202, 1.637821, 1.314462, 4.315900, 
0.883202, 1.637821, 1.314462, 4.315900, 
1.204930, 1.673406, 1.343482, 3.955893, 
1.013691, 2.172529, 1.409584, 4.094054, 
1.013691, 2.172529, 1.409584, 4.094054, 
0.945569, 1.854483, 1.462585, 4.370243, 
0.964565, 1.982351, 1.505828, 4.074879, 
0.963771, 1.857664, 1.521784, 4.062856, 
1.008371, 2.021352, 1.609887, 3.779574, 
0.990564, 1.732277, 1.686991, 3.940383, 
0.990564, 1.732277, 1.686991, 3.940383, 
0.990516, 1.838189, 1.734612, 3.849045, 
1.091947, 1.743991, 1.788787, 3.885159, 
1.050555, 1.821991, 1.868239, 3.973031, 
0.986276, 1.823779, 1.996682, 3.707050, 
0.885915, 1.949724, 2.026002, 3.761195, 
0.900007, 1.836250, 2.092905, 3.895196, 
0.900007, 1.836250, 2.092905, 3.895196, 
0.799228, 1.996507, 2.226684, 3.823953, 
0.666818, 2.067990, 2.291773, 3.968734, 
0.570764, 2.161807, 2.407884, 4.033191, 
0.570764, 2.161807, 2.407884, 4.033191, 
0.570764, 2.161807, 2.407884, 4.033191, 
0.570764, 2.161807, 2.407884, 4.033191, 
0.570764, 2.161807, 2.407884, 4.033191, 
0.570764, 2.161807, 2.407884, 4.033191, 
0.570764, 2.161807, 2.407884, 4.033191, 
0.589034, 2.330982, 2.840931, 3.855550, 
0.589034, 2.330982, 2.840931, 3.855550, 
0.703489, 2.354884, 2.959045, 3.980962, 
0.734923, 2.270381, 2.724796, 4.010292, 
0.690996, 2.299573, 2.820704, 4.017226, 
0.690996, 2.299573, 2.820704, 4.017226, 
0.690996, 2.299573, 2.820704, 4.017226, 
0.690996, 2.299573, 2.820704, 4.017226, 
0.709735, 2.308186, 2.878822, 4.051237, 
0.709735, 2.308186, 2.878822, 4.051237, 
0.709735, 2.308186, 2.878822, 4.051237, 
0.709735, 2.308186, 2.878822, 4.051237, 
0.745797, 2.274658, 2.882633, 3.957581, 
0.745797, 2.274658, 2.882633, 3.957581, 
0.745797, 2.274658, 2.882633, 3.957581, 
1.003840, 2.084438, 2.803186, 3.751789, 
1.003840, 2.084438, 2.803186, 3.751789, 
1.003840, 2.084438, 2.803186, 3.751789, 
1.003840, 2.084438, 2.803186, 3.751789, 
1.003840, 2.084438, 2.803186, 3.751789, 
1.003840, 2.084438, 2.803186, 3.751789, 
1.003840, 2.084438, 2.803186, 3.751789, 
1.003840, 2.084438, 2.803186, 3.751789, 
1.003840, 2.084438, 2.803186, 3.751789, 
0.844838, 2.091131, 2.740050, 3.962465, 
0.844838, 2.091131, 2.740050, 3.962465, 
0.844838, 2.091131, 2.740050, 3.962465, 
0.844838, 2.091131, 2.740050, 3.962465, 
0.844838, 2.091131, 2.740050, 3.962465, 
0.844838, 2.091131, 2.740050, 3.962465, 
0.844838, 2.091131, 2.740050, 3.962465, 
0.844838, 2.091131, 2.740050, 3.962465, 
0.844838, 2.091131, 2.740050, 3.962465, 
0.844838, 2.091131, 2.740050, 3.962465, 
0.844838, 2.091131, 2.740050, 3.962465, 
0.844838, 2.091131, 2.740050, 3.962465, 
0.854105, 2.046665, 2.741352, 4.048609, 
0.930910, 2.074419, 2.815555, 3.976671, 
1.050114, 1.986422, 2.799995, 4.008152, 
1.050114, 1.986422, 2.799995, 4.008152, 
1.070049, 1.962173, 2.870819, 4.019451, 
1.084015, 1.980908, 2.894794, 3.994791, 
1.084015, 1.980908, 2.894794, 3.994791, 
1.035873, 1.986731, 2.915261, 4.028468, 
1.035873, 1.986731, 2.915261, 4.028468, 
1.035873, 1.986731, 2.915261, 4.028468, 
1.015213, 1.971648, 2.968066, 3.976139, 
1.015213, 1.971648, 2.968066, 3.976139, 
1.011503, 1.971143, 2.979697, 4.004165, 
1.011503, 1.971143, 2.979697, 4.004165, 
0.985982, 1.976747, 3.031980, 4.005897, 
0.985982, 1.976747, 3.031980, 4.005897, 
0.985982, 1.976747, 3.031980, 4.005897, 
0.985982, 1.976747, 3.031980, 4.005897, 
0.985982, 1.976747, 3.031980, 4.005897, 
1.002508, 1.937845, 3.020070, 3.940940, 
1.002508, 1.937845, 3.020070, 3.940940, 
1.002508, 1.937845, 3.020070, 3.940940, 
1.002508, 1.937845, 3.020070, 3.940940, 
0.991634, 1.940768, 3.009893, 3.953656, 
0.975045, 1.955437, 3.017239, 4.001283, 
0.975045, 1.955437, 3.017239, 4.001283, 
0.992267, 1.956672, 3.034147, 4.027503, 
0.992267, 1.956672, 3.034147, 4.027503, 
0.961810, 1.970485, 3.015220, 4.060499, 
0.961810, 1.970485, 3.015220, 4.060499, 
0.923735, 1.970121, 3.017053, 4.036489, 
0.923735, 1.970121, 3.017053, 4.036489, 
0.923735, 1.970121, 3.017053, 4.036489, 
0.923735, 1.970121, 3.017053, 4.036489, 
0.923735, 1.970121, 3.017053, 4.036489, 
0.944879, 1.950285, 2.968658, 4.042956, 
0.944879, 1.950285, 2.968658, 4.042956, 
0.986054, 1.962133, 3.023535, 4.049629, 
1.041643, 1.977082, 3.039634, 4.094973, 
0.955357, 1.971003, 2.976824, 4.053392, 
0.955357, 1.971003, 2.976824, 4.053392, 
0.954301, 1.941212, 2.949861, 4.011203, 
0.958646, 1.937838, 2.947767, 4.026628, 
0.923164, 1.931597, 2.991177, 4.005469, 
0.923164, 1.931597, 2.991177, 4.005469, 
0.923164, 1.931597, 2.991177, 4.005469, 
0.923164, 1.931597, 2.991177, 4.005469, 
0.923164, 1.931597, 2.991177, 4.005469, 
0.923164, 1.931597, 2.991177, 4.005469, 
0.967929, 1.918759, 2.993222, 4.008956, 
1.004830, 1.908578, 2.966728, 4.017030, 
1.019436, 1.900091, 2.973570, 4.012107, 
1.019436, 1.900091, 2.973570, 4.012107, 
1.019436, 1.900091, 2.973570, 4.012107, 
1.019436, 1.900091, 2.973570, 4.012107, 
1.019436, 1.900091, 2.973570, 4.012107, 
1.019436, 1.900091, 2.973570, 4.012107, 
1.026797, 1.910009, 2.940997, 4.027440, 
1.026797, 1.910009, 2.940997, 4.027440, 
1.026797, 1.910009, 2.940997, 4.027440, 
0.996909, 1.928273, 2.972180, 3.985582, 
0.996909, 1.928273, 2.972180, 3.985582, 
0.996909, 1.928273, 2.972180, 3.985582, 
0.996909, 1.928273, 2.972180, 3.985582, 
0.996909, 1.928273, 2.972180, 3.985582, 
0.996909, 1.928273, 2.972180, 3.985582, 
0.975636, 1.949151, 2.975492, 4.026841, 
0.975636, 1.949151, 2.975492, 4.026841, 
0.975636, 1.949151, 2.975492, 4.026841, 
0.978244, 1.945712, 2.989793, 4.112847, 
0.986420, 1.924284, 3.003732, 4.127299, 
1.040270, 1.932134, 2.974478, 4.102503, 
1.040270, 1.932134, 2.974478, 4.102503, 
1.040270, 1.932134, 2.974478, 4.102503, 
1.040270, 1.932134, 2.974478, 4.102503, 
1.014629, 1.977985, 3.004702, 4.129782, 
1.014629, 1.977985, 3.004702, 4.129782, 
1.014629, 1.977985, 3.004702, 4.129782, 
1.014629, 1.977985, 3.004702, 4.129782, 
1.014629, 1.977985, 3.004702, 4.129782, 
1.003115, 1.974894, 2.998507, 4.114635, 
1.003115, 1.974894, 2.998507, 4.114635, 
1.003115, 1.974894, 2.998507, 4.114635, 
0.989553, 1.965763, 3.043371, 4.079067, 
0.989553, 1.965763, 3.043371, 4.079067, 
0.983674, 1.936149, 3.015328, 4.078244, 
0.966821, 1.915276, 3.008924, 4.049877, 
0.966821, 1.915276, 3.008924, 4.049877, 
0.944633, 1.869134, 3.007801, 4.044538, 
0.932101, 1.896158, 2.999565, 4.078159, 
0.932101, 1.896158, 2.999565, 4.078159, 
0.932101, 1.896158, 2.999565, 4.078159, 
0.967798, 1.895400, 3.018950, 4.070796, 
0.967798, 1.895400, 3.018950, 4.070796, 
0.967798, 1.895400, 3.018950, 4.070796, 
0.967798, 1.895400, 3.018950, 4.070796, 
0.967798, 1.895400, 3.018950, 4.070796, 
0.967798, 1.895400, 3.018950, 4.070796, 
0.967798, 1.895400, 3.018950, 4.070796, 
0.967798, 1.895400, 3.018950, 4.070796, 
0.945540, 1.907396, 3.025901, 4.079075, 
0.945540, 1.907396, 3.025901, 4.079075, 
0.972340, 1.914293, 3.024833, 4.070966, 
0.969541, 1.922832, 2.995646, 4.074665, 
0.969541, 1.922832, 2.995646, 4.074665, 
0.969541, 1.922832, 2.995646, 4.074665, 
0.969541, 1.922832, 2.995646, 4.074665, 
0.969541, 1.922832, 2.995646, 4.074665, 
0.969541, 1.922832, 2.995646, 4.074665, 
0.969541, 1.922832, 2.995646, 4.074665, 
0.969541, 1.922832, 2.995646, 4.074665, 
0.953711, 1.923550, 3.043102, 4.072151, 
0.957380, 1.917753, 2.985989, 4.036461, 
0.968507, 1.918808, 3.007116, 4.079043, 
0.968507, 1.918808, 3.007116, 4.079043, 
0.963482, 1.922308, 2.988902, 4.083042, 
0.963482, 1.922308, 2.988902, 4.083042, 
0.963482, 1.922308, 2.988902, 4.083042, 
0.963482, 1.922308, 2.988902, 4.083042, 
0.963482, 1.922308, 2.988902, 4.083042, 
0.963482, 1.922308, 2.988902, 4.083042, 
0.963482, 1.922308, 2.988902, 4.083042, 
0.963482, 1.922308, 2.988902, 4.083042, 
0.961162, 1.950953, 2.968384, 4.056319, 
0.961162, 1.950953, 2.968384, 4.056319, 
0.961162, 1.950953, 2.968384, 4.056319, 
0.972579, 1.952482, 2.978050, 4.045903, 
0.972579, 1.952482, 2.978050, 4.045903, 
0.972579, 1.952482, 2.978050, 4.045903, 
0.972579, 1.952482, 2.978050, 4.045903, 
0.972579, 1.952482, 2.978050, 4.045903, 
0.972579, 1.952482, 2.978050, 4.045903, 
0.972579, 1.952482, 2.978050, 4.045903, 
0.966938, 1.940840, 2.980632, 4.031439, 
0.966938, 1.940840, 2.980632, 4.031439, 
0.998962, 1.945750, 2.979343, 4.056049, 
0.998962, 1.945750, 2.979343, 4.056049, 
0.998962, 1.945750, 2.979343, 4.056049, 
0.998962, 1.945750, 2.979343, 4.056049, 
0.998962, 1.945750, 2.979343, 4.056049, 
0.998962, 1.945750, 2.979343, 4.056049, 
0.998962, 1.945750, 2.979343, 4.056049, 
0.998962, 1.945750, 2.979343, 4.056049, 
0.956600, 1.927338, 2.943288, 4.080731, 
0.956600, 1.927338, 2.943288, 4.080731, 
0.956600, 1.927338, 2.943288, 4.080731, 
0.956600, 1.927338, 2.943288, 4.080731, 
0.956600, 1.927338, 2.943288, 4.080731, 
0.956600, 1.927338, 2.943288, 4.080731, 
0.956600, 1.927338, 2.943288, 4.080731, 
0.956600, 1.927338, 2.943288, 4.080731, 
0.956600, 1.927338, 2.943288, 4.080731, 
0.956600, 1.927338, 2.943288, 4.080731, 
0.951659, 1.877893, 2.998094, 4.045742, 
0.951659, 1.877893, 2.998094, 4.045742, 
0.951659, 1.877893, 2.998094, 4.045742, 
0.951659, 1.877893, 2.998094, 4.045742, 
1.005231, 1.884535, 2.980609, 4.014736, 
1.005231, 1.884535, 2.980609, 4.014736, 
1.005231, 1.884535, 2.980609, 4.014736, 
1.005231, 1.884535, 2.980609, 4.014736, 
1.025559, 1.908633, 2.976904, 4.000434, 
0.987524, 1.912197, 3.038336, 4.023797, 
0.987524, 1.912197, 3.038336, 4.023797, 
0.987524, 1.912197, 3.038336, 4.023797, 
0.987524, 1.912197, 3.038336, 4.023797, 
0.987524, 1.912197, 3.038336, 4.023797, 
0.987524, 1.912197, 3.038336, 4.023797, 
0.987524, 1.912197, 3.038336, 4.023797, 
1.042160, 1.945174, 3.048556, 3.998831, 
1.042160, 1.945174, 3.048556, 3.998831, 
1.042160, 1.945174, 3.048556, 3.998831, 
1.042160, 1.945174, 3.048556, 3.998831, 
1.031729, 1.966990, 3.058445, 3.996838, 
1.031729, 1.966990, 3.058445, 3.996838, 
1.031729, 1.966990, 3.058445, 3.996838, 
1.031729, 1.966990, 3.058445, 3.996838, 
1.043926, 1.927763, 3.023840, 4.000487, 
1.043926, 1.927763, 3.023840, 4.000487, 
0.976704, 1.935161, 3.016404, 4.054807, 
0.976704, 1.935161, 3.016404, 4.054807, 
0.976704, 1.935161, 3.016404, 4.054807, 
0.976704, 1.935161, 3.016404, 4.054807, 
0.976704, 1.935161, 3.016404, 4.054807, 
0.976704, 1.935161, 3.016404, 4.054807, 
0.976704, 1.935161, 3.016404, 4.054807, 
0.976704, 1.935161, 3.016404, 4.054807, 
0.976704, 1.935161, 3.016404, 4.054807, 
0.976704, 1.935161, 3.016404, 4.054807, 
0.976704, 1.935161, 3.016404, 4.054807, 
0.976704, 1.935161, 3.016404, 4.054807, 
0.994596, 1.927696, 3.017168, 4.034716, 
1.013379, 1.938130, 3.027675, 4.027169, 
1.013379, 1.938130, 3.027675, 4.027169, 
1.005123, 1.944171, 2.995594, 4.048490, 
1.005123, 1.944171, 2.995594, 4.048490, 
1.005123, 1.944171, 2.995594, 4.048490, 
1.005123, 1.944171, 2.995594, 4.048490, 
0.961051, 1.976456, 2.992080, 4.051273, 
0.961051, 1.976456, 2.992080, 4.051273, 
0.961051, 1.976456, 2.992080, 4.051273, 
0.961051, 1.976456, 2.992080, 4.051273, 
0.961051, 1.976456, 2.992080, 4.051273, 
0.961051, 1.976456, 2.992080, 4.051273, 
0.961051, 1.976456, 2.992080, 4.051273, 
0.961051, 1.976456, 2.992080, 4.051273, 
0.981428, 1.921286, 3.008247, 4.072731, 
0.981428, 1.921286, 3.008247, 4.072731, 
0.981428, 1.921286, 3.008247, 4.072731, 
0.981428, 1.921286, 3.008247, 4.072731, 
0.981428, 1.921286, 3.008247, 4.072731, 
0.981428, 1.921286, 3.008247, 4.072731, 
0.981428, 1.921286, 3.008247, 4.072731, 
0.981428, 1.921286, 3.008247, 4.072731, 
0.981428, 1.921286, 3.008247, 4.072731, 
0.981428, 1.921286, 3.008247, 4.072731, 
0.981428, 1.921286, 3.008247, 4.072731, 
0.981428, 1.921286, 3.008247, 4.072731, 
0.981428, 1.921286, 3.008247, 4.072731, 
0.981428, 1.921286, 3.008247, 4.072731, 
0.981428, 1.921286, 3.008247, 4.072731, 
0.981428, 1.921286, 3.008247, 4.072731, 
0.981428, 1.921286, 3.008247, 4.072731, 
0.981428, 1.921286, 3.008247, 4.072731, 
0.972256, 1.945162, 3.033248, 4.056099, 
0.972256, 1.945162, 3.033248, 4.056099, 
0.972256, 1.945162, 3.033248, 4.056099, 
0.960261, 1.940574, 3.021158, 4.057725, 
0.960261, 1.940574, 3.021158, 4.057725, 
0.956572, 1.927498, 3.013064, 4.047774, 
0.956572, 1.927498, 3.013064, 4.047774, 
0.950932, 1.942201, 3.040029, 4.018476, 
0.950791, 1.929584, 2.986763, 4.026397, 
0.950791, 1.929584, 2.986763, 4.026397, 
0.950791, 1.929584, 2.986763, 4.026397, 
0.950791, 1.929584, 2.986763, 4.026397, 
0.950791, 1.929584, 2.986763, 4.026397, 
0.950791, 1.929584, 2.986763, 4.026397, 
0.950791, 1.929584, 2.986763, 4.026397, 
0.949373, 1.972722, 2.978929, 4.075018, 
0.959967, 1.982203, 2.977181, 4.037787, 
0.959967, 1.982203, 2.977181, 4.037787, 
0.959967, 1.982203, 2.977181, 4.037787, 
0.959967, 1.982203, 2.977181, 4.037787, 
0.959967, 1.982203, 2.977181, 4.037787, 
0.959967, 1.982203, 2.977181, 4.037787, 
0.959967, 1.982203, 2.977181, 4.037787, 
0.959967, 1.982203, 2.977181, 4.037787, 
0.959967, 1.982203, 2.977181, 4.037787, 
0.959967, 1.982203, 2.977181, 4.037787, 
0.959967, 1.982203, 2.977181, 4.037787, 
0.959967, 1.982203, 2.977181, 4.037787, 
0.959967, 1.982203, 2.977181, 4.037787, 
0.959967, 1.982203, 2.977181, 4.037787, 
0.959967, 1.982203, 2.977181, 4.037787, 
0.959967, 1.982203, 2.977181, 4.037787, 
0.981576, 1.956408, 2.984259, 4.028665, 
0.962903, 1.981635, 2.994544, 4.033698, 
0.962903, 1.981635, 2.994544, 4.033698, 
0.962903, 1.981635, 2.994544, 4.033698, 
0.962903, 1.981635, 2.994544, 4.033698, 
0.962903, 1.981635, 2.994544, 4.033698, 
0.962903, 1.981635, 2.994544, 4.033698, 
0.962903, 1.981635, 2.994544, 4.033698, 
0.962903, 1.981635, 2.994544, 4.033698, 
0.993095, 1.971279, 2.988477, 4.041964, 
0.994186, 1.975368, 3.020952, 4.050125, 
0.994186, 1.975368, 3.020952, 4.050125, 
0.994186, 1.975368, 3.020952, 4.050125, 
0.994186, 1.975368, 3.020952, 4.050125, 
0.978914, 1.991786, 3.020753, 4.025589, 
0.978914, 1.991786, 3.020753, 4.025589, 
0.978914, 1.991786, 3.020753, 4.025589, 
0.978914, 1.991786, 3.020753, 4.025589, 
0.971876, 1.984656, 3.035591, 4.032532, 
1.026453, 1.957034, 2.981951, 4.048745, 
0.988421, 1.957471, 2.976487, 3.992325, 
0.988421, 1.957471, 2.976487, 3.992325, 
0.974021, 1.982087, 2.973576, 4.013080, 
0.974021, 1.982087, 2.973576, 4.013080, 
0.974021, 1.982087, 2.973576, 4.013080, 
0.954626, 1.972478, 3.005825, 4.000595, 
0.954626, 1.972478, 3.005825, 4.000595, 
0.954626, 1.972478, 3.005825, 4.000595, 
0.954626, 1.972478, 3.005825, 4.000595, 
0.954626, 1.972478, 3.005825, 4.000595, 
0.954626, 1.972478, 3.005825, 4.000595, 
0.954626, 1.972478, 3.005825, 4.000595, 
0.954626, 1.972478, 3.005825, 4.000595, 
0.954626, 1.972478, 3.005825, 4.000595, 
0.954626, 1.972478, 3.005825, 4.000595, 
0.954626, 1.972478, 3.005825, 4.000595, 
0.954626, 1.972478, 3.005825, 4.000595, 
0.954626, 1.972478, 3.005825, 4.000595, 
0.954626, 1.972478, 3.005825, 4.000595, 
0.954626, 1.972478, 3.005825, 4.000595, 
0.963518, 1.962539, 2.947307, 4.018263, 
0.942629, 1.986237, 2.978119, 4.026140, 
0.942629, 1.986237, 2.978119, 4.026140, 
0.942629, 1.986237, 2.978119, 4.026140, 
0.954064, 1.978420, 3.031111, 4.057105, 
0.954064, 1.978420, 3.031111, 4.057105, 
0.955625, 1.988505, 3.031356, 4.052085, 
0.955625, 1.988505, 3.031356, 4.052085, 
1.000141, 1.966518, 2.996564, 3.993459, 
1.000141, 1.966518, 2.996564, 3.993459, 
1.000141, 1.966518, 2.996564, 3.993459, 
1.000141, 1.966518, 2.996564, 3.993459, 
1.000141, 1.966518, 2.996564, 3.993459, 
1.025610, 1.956855, 3.052950, 3.990704, 
1.023338, 1.962131, 3.072195, 4.069600, 
1.023338, 1.962131, 3.072195, 4.069600, 
1.011861, 1.961005, 3.053137, 4.032899, 
1.011861, 1.961005, 3.053137, 4.032899, 
1.011861, 1.961005, 3.053137, 4.032899, 
1.011861, 1.961005, 3.053137, 4.032899, 
1.011861, 1.961005, 3.053137, 4.032899, 
1.011861, 1.961005, 3.053137, 4.032899, 
1.011861, 1.961005, 3.053137, 4.032899, 
1.011861, 1.961005, 3.053137, 4.032899, 
1.011861, 1.961005, 3.053137, 4.032899, 
1.010561, 1.934722, 2.994145, 4.046251, 
1.010561, 1.934722, 2.994145, 4.046251, 
1.010561, 1.934722, 2.994145, 4.046251, 
0.977525, 1.977993, 3.019637, 4.008923, 
0.977525, 1.977993, 3.019637, 4.008923, 
0.977525, 1.977993, 3.019637, 4.008923, 
0.977525, 1.977993, 3.019637, 4.008923, 
0.977525, 1.977993, 3.019637, 4.008923, 
0.961925, 1.986710, 3.009956, 4.013100, 
0.961925, 1.986710, 3.009956, 4.013100, 
0.961925, 1.986710, 3.009956, 4.013100, 
1.015567, 1.984438, 2.998824, 4.007141, 
1.015567, 1.984438, 2.998824, 4.007141, 
1.040977, 1.945505, 3.032524, 4.000502, 
1.040977, 1.945505, 3.032524, 4.000502, 
1.040977, 1.945505, 3.032524, 4.000502, 
1.040977, 1.945505, 3.032524, 4.000502, 
1.040977, 1.945505, 3.032524, 4.000502, 
1.040977, 1.945505, 3.032524, 4.000502, 
1.040977, 1.945505, 3.032524, 4.000502, 
1.040977, 1.945505, 3.032524, 4.000502, 
1.052227, 1.933271, 3.011615, 4.017208, 
1.016720, 1.918389, 2.992086, 4.052292, 
0.990499, 1.965318, 3.028523, 4.075931, 
0.990499, 1.965318, 3.028523, 4.075931, 
0.990499, 1.965318, 3.028523, 4.075931, 
0.990499, 1.965318, 3.028523, 4.075931, 
0.990499, 1.965318, 3.028523, 4.075931, 
0.966791, 1.961990, 3.035930, 4.059341, 
0.966791, 1.961990, 3.035930, 4.059341, 
0.991019, 1.940161, 3.039417, 4.059484, 
0.991019, 1.940161, 3.039417, 4.059484, 
0.991019, 1.940161, 3.039417, 4.059484, 
0.991019, 1.940161, 3.039417, 4.059484, 
0.991019, 1.940161, 3.039417, 4.059484, 
0.991019, 1.940161, 3.039417, 4.059484, 
0.991019, 1.940161, 3.039417, 4.059484, 
0.991019, 1.940161, 3.039417, 4.059484, 
0.991019, 1.940161, 3.039417, 4.059484, 
0.991019, 1.940161, 3.039417, 4.059484, 
0.991019, 1.940161, 3.039417, 4.059484, 
0.979048, 1.943439, 3.066867, 4.031582, 
0.979048, 1.943439, 3.066867, 4.031582, 
0.979048, 1.943439, 3.066867, 4.031582, 
0.979048, 1.943439, 3.066867, 4.031582, 
0.979048, 1.943439, 3.066867, 4.031582, 
0.979048, 1.943439, 3.066867, 4.031582, 
0.979048, 1.943439, 3.066867, 4.031582, 
0.979048, 1.943439, 3.066867, 4.031582, 
0.979048, 1.943439, 3.066867, 4.031582, 
0.979048, 1.943439, 3.066867, 4.031582, 
0.979048, 1.943439, 3.066867, 4.031582, 
0.939398, 1.961536, 3.073121, 4.022080, 
0.939398, 1.961536, 3.073121, 4.022080, 
0.939398, 1.961536, 3.073121, 4.022080, 
0.939398, 1.961536, 3.073121, 4.022080, 
0.939398, 1.961536, 3.073121, 4.022080, 
0.939398, 1.961536, 3.073121, 4.022080, 
0.939398, 1.961536, 3.073121, 4.022080, 
0.939398, 1.961536, 3.073121, 4.022080, 
0.939398, 1.961536, 3.073121, 4.022080, 
0.939398, 1.961536, 3.073121, 4.022080, 
0.939398, 1.961536, 3.073121, 4.022080, 
0.939398, 1.961536, 3.073121, 4.022080, 
0.939398, 1.961536, 3.073121, 4.022080, 
0.939398, 1.961536, 3.073121, 4.022080, 
0.939398, 1.961536, 3.073121, 4.022080, 
0.939398, 1.961536, 3.073121, 4.022080, 
0.939398, 1.961536, 3.073121, 4.022080, 
0.942006, 1.900551, 3.032971, 4.010219, 
0.942006, 1.900551, 3.032971, 4.010219, 
0.942006, 1.900551, 3.032971, 4.010219, 
0.942006, 1.900551, 3.032971, 4.010219, 
0.942006, 1.900551, 3.032971, 4.010219, 
0.942006, 1.900551, 3.032971, 4.010219, 
0.942006, 1.900551, 3.032971, 4.010219, 
0.942006, 1.900551, 3.032971, 4.010219, 
0.942006, 1.900551, 3.032971, 4.010219, 
0.950560, 1.928353, 3.042495, 4.031085, 
0.970054, 1.924618, 2.998383, 4.031325, 
0.970054, 1.924618, 2.998383, 4.031325, 
0.970054, 1.924618, 2.998383, 4.031325, 
0.970054, 1.924618, 2.998383, 4.031325, 
0.981399, 1.929509, 2.984191, 4.044049, 
0.965689, 1.924633, 2.974699, 4.037467, 
0.965689, 1.924633, 2.974699, 4.037467, 
0.957010, 1.908020, 3.007457, 4.029722, 
0.935862, 1.935682, 3.002614, 4.019122, 
0.935862, 1.935682, 3.002614, 4.019122, 
0.912107, 1.937302, 2.997579, 4.077947, 
0.912107, 1.937302, 2.997579, 4.077947, 
0.912107, 1.937302, 2.997579, 4.077947, 
0.912107, 1.937302, 2.997579, 4.077947, 
0.970588, 1.899071, 2.989858, 4.104684, 
0.970588, 1.899071, 2.989858, 4.104684, 
0.970588, 1.899071, 2.989858, 4.104684, 
0.970588, 1.899071, 2.989858, 4.104684, 
0.970588, 1.899071, 2.989858, 4.104684, 
0.970588, 1.899071, 2.989858, 4.104684, 
0.970588, 1.899071, 2.989858, 4.104684, 
0.970588, 1.899071, 2.989858, 4.104684, 
0.970588, 1.899071, 2.989858, 4.104684, 
0.926993, 1.948359, 3.002084, 4.046307, 
0.926993, 1.948359, 3.002084, 4.046307, 
0.926993, 1.948359, 3.002084, 4.046307, 
0.892270, 1.929859, 3.005087, 4.040917, 
0.925739, 1.880730, 3.015867, 4.024676, 
0.945028, 1.883473, 3.025038, 4.037010, 
0.945028, 1.883473, 3.025038, 4.037010, 
0.945028, 1.883473, 3.025038, 4.037010, 
0.963110, 1.878942, 3.035402, 4.047124, 
0.922519, 1.923277, 3.020060, 4.020670, 
0.895039, 1.942536, 3.030524, 4.018512, 
0.895039, 1.942536, 3.030524, 4.018512, 
0.895039, 1.942536, 3.030524, 4.018512, 
0.895039, 1.942536, 3.030524, 4.018512, 
0.895039, 1.942536, 3.030524, 4.018512, 
0.895039, 1.942536, 3.030524, 4.018512, 
0.895039, 1.942536, 3.030524, 4.018512, 
0.918198, 1.931889, 3.024341, 4.041827, 
0.918198, 1.931889, 3.024341, 4.041827, 
0.917292, 1.923364, 3.015845, 4.033894, 
0.949949, 1.934442, 2.944053, 4.051528, 
0.973139, 1.912657, 2.976906, 4.081383, 
0.973139, 1.912657, 2.976906, 4.081383, 
0.973139, 1.912657, 2.976906, 4.081383, 
0.946256, 1.907598, 2.984199, 4.093463, 
0.946256, 1.907598, 2.984199, 4.093463, 
0.946256, 1.907598, 2.984199, 4.093463, 
0.946256, 1.907598, 2.984199, 4.093463, 
0.946256, 1.907598, 2.984199, 4.093463, 
0.951066, 1.945418, 3.016489, 4.057075, 
0.972266, 1.932697, 3.008584, 4.001645, 
0.972266, 1.932697, 3.008584, 4.001645, 
0.972266, 1.932697, 3.008584, 4.001645, 
0.978863, 1.921783, 3.018577, 3.975228, 
0.978863, 1.921783, 3.018577, 3.975228, 
1.002324, 1.923281, 3.066728, 3.979897, 
1.002324, 1.923281, 3.066728, 3.979897, 
1.002324, 1.923281, 3.066728, 3.979897, 
1.002324, 1.923281, 3.066728, 3.979897, 
1.013560, 1.945895, 3.022466, 3.962235, 
1.013560, 1.945895, 3.022466, 3.962235, 
1.013560, 1.945895, 3.022466, 3.962235, 
1.013560, 1.945895, 3.022466, 3.962235, 
1.038836, 1.995706, 3.048449, 4.001816, 
1.038836, 1.995706, 3.048449, 4.001816, 
1.038836, 1.995706, 3.048449, 4.001816, 
1.042635, 1.960067, 3.067889, 4.019560, 
1.042635, 1.960067, 3.067889, 4.019560, 
1.039394, 1.926179, 3.032094, 4.016454, 
1.039394, 1.926179, 3.032094, 4.016454, 
1.037249, 1.965920, 3.065601, 4.059890, 
1.037249, 1.965920, 3.065601, 4.059890, 
1.043510, 1.979813, 3.032594, 4.073771, 
1.058564, 1.993347, 3.020840, 4.059223, 
1.058564, 1.993347, 3.020840, 4.059223, 
1.058564, 1.993347, 3.020840, 4.059223, 
1.058564, 1.993347, 3.020840, 4.059223, 
1.058564, 1.993347, 3.020840, 4.059223, 
1.058564, 1.993347, 3.020840, 4.059223, 
1.058564, 1.993347, 3.020840, 4.059223, 
1.058564, 1.993347, 3.020840, 4.059223, 
1.058564, 1.993347, 3.020840, 4.059223, 
1.058564, 1.993347, 3.020840, 4.059223, 
1.058564, 1.993347, 3.020840, 4.059223, 
1.058564, 1.993347, 3.020840, 4.059223, 
1.058564, 1.993347, 3.020840, 4.059223, 
1.058564, 1.993347, 3.020840, 4.059223, 
1.019983, 1.941391, 2.983025, 4.089660, 
1.019983, 1.941391, 2.983025, 4.089660, 
1.019983, 1.941391, 2.983025, 4.089660, 
1.019983, 1.941391, 2.983025, 4.089660, 
1.019983, 1.941391, 2.983025, 4.089660, 
1.019983, 1.941391, 2.983025, 4.089660, 
1.024027, 1.935537, 2.967676, 4.082755, 
1.024027, 1.935537, 2.967676, 4.082755, 
1.024027, 1.935537, 2.967676, 4.082755, 
1.024027, 1.935537, 2.967676, 4.082755, 
1.024027, 1.935537, 2.967676, 4.082755, 
0.959962, 1.981948, 3.016451, 4.069363, 
0.959962, 1.981948, 3.016451, 4.069363, 
0.959962, 1.981948, 3.016451, 4.069363, 
0.970430, 1.956141, 3.025279, 4.100748, 
0.970430, 1.956141, 3.025279, 4.100748, 
0.979449, 1.965482, 3.056234, 4.072664, 
0.968606, 1.909924, 3.048190, 4.075194, 
0.968606, 1.909924, 3.048190, 4.075194, 
0.968606, 1.909924, 3.048190, 4.075194, 
0.960251, 1.940667, 3.036116, 4.114674, 
0.952872, 1.956715, 3.019715, 4.073446, 
0.952872, 1.956715, 3.019715, 4.073446, 
0.952872, 1.956715, 3.019715, 4.073446, 
0.952872, 1.956715, 3.019715, 4.073446, 
0.952872, 1.956715, 3.019715, 4.073446, 
0.961084, 1.969770, 2.979931, 4.100354, 
0.961084, 1.969770, 2.979931, 4.100354, 
0.965518, 1.922403, 2.955486, 4.095546, 
0.965518, 1.922403, 2.955486, 4.095546, 
0.944708, 1.973134, 3.010534, 4.096352, 
0.952163, 1.974842, 2.996634, 4.082110, 
0.952163, 1.974842, 2.996634, 4.082110, 
0.949662, 1.972965, 2.963599, 4.072495, 
0.949662, 1.972965, 2.963599, 4.072495, 
0.949662, 1.972965, 2.963599, 4.072495, 
0.949662, 1.972965, 2.963599, 4.072495, 
0.940327, 1.981170, 3.020459, 4.047470, 
0.940327, 1.981170, 3.020459, 4.047470, 
0.959371, 1.957852, 2.969778, 4.048789, 
0.959371, 1.957852, 2.969778, 4.048789, 
0.950704, 1.946026, 2.989329, 4.050219, 
0.929214, 1.977115, 2.996226, 4.048869, 
0.929214, 1.977115, 2.996226, 4.048869, 
0.929214, 1.977115, 2.996226, 4.048869, 
0.929214, 1.977115, 2.996226, 4.048869, 
0.941109, 1.950710, 3.051478, 4.042789, 
0.946684, 1.912279, 3.046591, 4.055052, 
0.923659, 1.927476, 3.020568, 4.037267, 
0.923659, 1.927476, 3.020568, 4.037267, 
0.923659, 1.927476, 3.020568, 4.037267, 
0.923659, 1.927476, 3.020568, 4.037267, 
0.923659, 1.927476, 3.020568, 4.037267, 
0.923659, 1.927476, 3.020568, 4.037267, 
0.940802, 1.931768, 3.024201, 4.014478, 
0.940802, 1.931768, 3.024201, 4.014478, 
0.940802, 1.931768, 3.024201, 4.014478, 
0.943323, 1.947309, 3.055568, 4.009598, 
0.943323, 1.947309, 3.055568, 4.009598, 
0.943323, 1.947309, 3.055568, 4.009598, 
0.940804, 1.943169, 3.037194, 4.019905, 
0.940804, 1.943169, 3.037194, 4.019905, 
0.940804, 1.943169, 3.037194, 4.019905, 
0.940804, 1.943169, 3.037194, 4.019905, 
0.960029, 1.914253, 2.992539, 4.038009, 
0.960029, 1.914253, 2.992539, 4.038009, 
0.960029, 1.914253, 2.992539, 4.038009, 
0.951253, 1.939435, 3.045493, 4.032999, 
0.951253, 1.939435, 3.045493, 4.032999, 
0.951253, 1.939435, 3.045493, 4.032999, 
0.951253, 1.939435, 3.045493, 4.032999, 
0.951253, 1.939435, 3.045493, 4.032999, 
0.951253, 1.939435, 3.045493, 4.032999, 
0.963190, 1.909177, 3.062091, 4.053163, 
0.963190, 1.909177, 3.062091, 4.053163, 
0.963190, 1.909177, 3.062091, 4.053163, 
0.963190, 1.909177, 3.062091, 4.053163, 
0.963190, 1.909177, 3.062091, 4.053163, 
0.963190, 1.909177, 3.062091, 4.053163, 
0.963190, 1.909177, 3.062091, 4.053163, 
0.963190, 1.909177, 3.062091, 4.053163, 
0.963190, 1.909177, 3.062091, 4.053163, 
0.952791, 1.934078, 3.063382, 4.034457, 
0.945685, 1.884420, 2.987806, 4.067006, 
0.970404, 1.919720, 2.978142, 3.998895, 
1.002440, 1.899779, 2.989147, 4.029385, 
1.002440, 1.899779, 2.989147, 4.029385, 
1.002440, 1.899779, 2.989147, 4.029385, 
1.002440, 1.899779, 2.989147, 4.029385, 
1.002440, 1.899779, 2.989147, 4.029385, 
1.008282, 1.905828, 3.015918, 3.981644, 
1.033326, 1.914382, 3.041971, 3.985867, 
0.997446, 1.902084, 3.004649, 3.979763, 
0.997446, 1.902084, 3.004649, 3.979763, 
0.997446, 1.902084, 3.004649, 3.979763, 
0.997446, 1.902084, 3.004649, 3.979763, 
0.997446, 1.902084, 3.004649, 3.979763, 
1.006020, 1.925713, 3.022743, 3.971592, 
1.006020, 1.925713, 3.022743, 3.971592, 
1.009835, 1.928766, 3.037337, 3.982122, 
1.009835, 1.928766, 3.037337, 3.982122, 
1.055749, 1.951496, 3.059414, 4.034088, 
1.042008, 1.957448, 3.035545, 4.011101, 
0.991608, 1.896577, 3.044421, 4.060745, 
0.991608, 1.896577, 3.044421, 4.060745, 
1.015673, 1.899295, 3.030923, 4.051504, 
1.015673, 1.899295, 3.030923, 4.051504, 
1.015673, 1.899295, 3.030923, 4.051504, 
1.015673, 1.899295, 3.030923, 4.051504, 
0.981494, 1.925252, 3.032078, 4.026743, 
0.970185, 1.984537, 2.989151, 4.051780, 
0.986823, 1.944531, 2.969903, 4.030818, 
0.986823, 1.944531, 2.969903, 4.030818, 
0.986823, 1.944531, 2.969903, 4.030818, 
0.986823, 1.944531, 2.969903, 4.030818, 
1.014821, 1.962840, 3.038618, 4.014694, 
1.014821, 1.962840, 3.038618, 4.014694, 
1.014821, 1.962840, 3.038618, 4.014694, 
1.000420, 2.002008, 3.022575, 4.011909, 
1.000420, 2.002008, 3.022575, 4.011909, 
1.000420, 2.002008, 3.022575, 4.011909, 
1.000420, 2.002008, 3.022575, 4.011909, 
0.999717, 1.936630, 3.003083, 4.033598, 
0.999717, 1.936630, 3.003083, 4.033598, 
0.999717, 1.936630, 3.003083, 4.033598, 
0.999717, 1.936630, 3.003083, 4.033598, 
0.999717, 1.936630, 3.003083, 4.033598, 
0.999717, 1.936630, 3.003083, 4.033598, 
0.999717, 1.936630, 3.003083, 4.033598, 
0.966584, 1.954138, 3.045923, 4.057999, 
0.966584, 1.954138, 3.045923, 4.057999, 
0.942422, 1.932002, 3.042437, 4.049614, 
0.942422, 1.932002, 3.042437, 4.049614, 
0.942422, 1.932002, 3.042437, 4.049614, 
0.942422, 1.932002, 3.042437, 4.049614, 
0.942422, 1.932002, 3.042437, 4.049614, 
0.969451, 1.904032, 3.042288, 4.080698, 
0.969451, 1.904032, 3.042288, 4.080698, 
0.969451, 1.904032, 3.042288, 4.080698, 
0.949563, 1.973789, 3.047416, 4.075733, 
0.949563, 1.973789, 3.047416, 4.075733, 
0.949563, 1.973789, 3.047416, 4.075733, 
0.960670, 1.956407, 2.987968, 4.088961, 
0.960670, 1.956407, 2.987968, 4.088961, 
0.960670, 1.956407, 2.987968, 4.088961, 
0.960670, 1.956407, 2.987968, 4.088961, 
0.960670, 1.956407, 2.987968, 4.088961, 
0.975922, 1.948899, 3.049079, 4.081575, 
0.975922, 1.948899, 3.049079, 4.081575, 
0.975922, 1.948899, 3.049079, 4.081575, 
0.975922, 1.948899, 3.049079, 4.081575, 
0.975922, 1.948899, 3.049079, 4.081575, 
0.975922, 1.948899, 3.049079, 4.081575, 
0.975922, 1.948899, 3.049079, 4.081575, 
0.975922, 1.948899, 3.049079, 4.081575, 
0.996300, 1.933119, 3.052397, 4.055296, 
0.941217, 1.921180, 3.063275, 4.041254, 
0.941217, 1.921180, 3.063275, 4.041254, 
0.934506, 1.972887, 3.044152, 4.077485, 
0.934506, 1.972887, 3.044152, 4.077485, 
0.934506, 1.972887, 3.044152, 4.077485, 
0.934506, 1.972887, 3.044152, 4.077485, 
0.940554, 1.973490, 2.995995, 4.066049, 
0.947077, 1.967592, 2.988668, 4.070589, 
0.981842, 1.979888, 3.051805, 4.067722, 
0.981842, 1.979888, 3.051805, 4.067722, 
0.987855, 1.957285, 3.019881, 4.004712, 
1.051687, 1.928122, 3.021121, 4.095004, 
1.080503, 1.933601, 3.013017, 4.113622, 
1.056154, 1.933862, 2.998670, 4.029641, 
1.056154, 1.933862, 2.998670, 4.029641, 
1.056154, 1.933862, 2.998670, 4.029641, 
1.073120, 1.939992, 2.985926, 4.014878, 
1.073120, 1.939992, 2.985926, 4.014878, 
1.073120, 1.939992, 2.985926, 4.014878, 
1.073120, 1.939992, 2.985926, 4.014878, 
1.024003, 1.953645, 2.981664, 4.009475, 
1.024003, 1.953645, 2.981664, 4.009475, 
0.979833, 1.960739, 2.977129, 3.995954, 
0.951916, 1.976889, 3.006394, 4.020390, 
0.951916, 1.976889, 3.006394, 4.020390, 
1.000428, 1.961020, 2.986980, 4.021963, 
1.000428, 1.961020, 2.986980, 4.021963, 
0.966753, 1.946862, 2.999947, 4.015703, 
0.966753, 1.946862, 2.999947, 4.015703, 
0.966753, 1.946862, 2.999947, 4.015703, 
0.966753, 1.946862, 2.999947, 4.015703, 
0.966753, 1.946862, 2.999947, 4.015703, 
0.966753, 1.946862, 2.999947, 4.015703, 
0.966753, 1.946862, 2.999947, 4.015703, 
0.966753, 1.946862, 2.999947, 4.015703, 
0.966753, 1.946862, 2.999947, 4.015703, 
0.993649, 1.903876, 2.995281, 3.999879, 
0.993649, 1.903876, 2.995281, 3.999879, 
1.037405, 1.943798, 3.019380, 4.023810, 
0.950291, 1.905825, 3.025368, 4.010850, 
0.950291, 1.905825, 3.025368, 4.010850, 
0.995595, 1.886521, 3.060357, 4.015971, 
0.995595, 1.886521, 3.060357, 4.015971, 
1.017412, 1.923923, 3.014322, 3.991301, 
1.017412, 1.923923, 3.014322, 3.991301, 
1.017412, 1.923923, 3.014322, 3.991301, 
1.017412, 1.923923, 3.014322, 3.991301, 
1.017412, 1.923923, 3.014322, 3.991301, 
1.017412, 1.923923, 3.014322, 3.991301, 
0.992826, 1.931361, 3.063808, 4.027452, 
0.992826, 1.931361, 3.063808, 4.027452, 
0.992826, 1.931361, 3.063808, 4.027452, 
0.963536, 1.887778, 3.040815, 4.079709, 
0.963536, 1.887778, 3.040815, 4.079709, 
0.963536, 1.887778, 3.040815, 4.079709, 
0.963536, 1.887778, 3.040815, 4.079709, 
0.981149, 1.870783, 3.032874, 4.062098, 
0.981149, 1.870783, 3.032874, 4.062098, 
0.981149, 1.870783, 3.032874, 4.062098, 
0.981149, 1.870783, 3.032874, 4.062098, 
0.981149, 1.870783, 3.032874, 4.062098, 
0.980484, 1.909086, 3.064584, 4.044716, 
0.980484, 1.909086, 3.064584, 4.044716, 
0.980484, 1.909086, 3.064584, 4.044716, 
0.980484, 1.909086, 3.064584, 4.044716, 
0.980484, 1.909086, 3.064584, 4.044716, 
0.980484, 1.909086, 3.064584, 4.044716, 
0.980484, 1.909086, 3.064584, 4.044716, 
0.952120, 1.925873, 3.071586, 4.067633, 
0.952120, 1.925873, 3.071586, 4.067633, 
0.952120, 1.925873, 3.071586, 4.067633, 
0.993604, 1.946019, 3.079744, 4.056647, 
0.993604, 1.946019, 3.079744, 4.056647, 
0.993604, 1.946019, 3.079744, 4.056647, 
0.993604, 1.946019, 3.079744, 4.056647, 
0.993604, 1.946019, 3.079744, 4.056647, 
0.993604, 1.946019, 3.079744, 4.056647, 
0.993604, 1.946019, 3.079744, 4.056647, 
0.993604, 1.946019, 3.079744, 4.056647, 
0.993604, 1.946019, 3.079744, 4.056647, 
0.993604, 1.946019, 3.079744, 4.056647, 
0.993604, 1.946019, 3.079744, 4.056647, 
1.016719, 1.960882, 3.043875, 4.039641, 
1.016719, 1.960882, 3.043875, 4.039641, 
1.016719, 1.960882, 3.043875, 4.039641, 
1.016719, 1.960882, 3.043875, 4.039641, 
0.972615, 1.908722, 3.046607, 4.068357, 
0.972615, 1.908722, 3.046607, 4.068357, 
0.972615, 1.908722, 3.046607, 4.068357, 
0.972615, 1.908722, 3.046607, 4.068357, 
0.974918, 1.914431, 3.026597, 4.021084, 
0.974918, 1.914431, 3.026597, 4.021084, 
0.974918, 1.914431, 3.026597, 4.021084, 
0.974918, 1.914431, 3.026597, 4.021084, 
0.974918, 1.914431, 3.026597, 4.021084, 
0.974918, 1.914431, 3.026597, 4.021084, 
0.974918, 1.914431, 3.026597, 4.021084, 
0.974918, 1.914431, 3.026597, 4.021084, 
0.974918, 1.914431, 3.026597, 4.021084, 
0.993974, 1.904132, 2.993736, 4.032083, 
0.993974, 1.904132, 2.993736, 4.032083, 
0.993974, 1.904132, 2.993736, 4.032083, 
0.993974, 1.904132, 2.993736, 4.032083, 
0.993974, 1.904132, 2.993736, 4.032083, 
0.993974, 1.904132, 2.993736, 4.032083, 
0.993974, 1.904132, 2.993736, 4.032083, 
0.993974, 1.904132, 2.993736, 4.032083, 
0.993974, 1.904132, 2.993736, 4.032083, 
1.020249, 1.913716, 3.030247, 4.030195, 
1.020249, 1.913716, 3.030247, 4.030195, 
0.985861, 1.907676, 2.985159, 4.049484, 
1.000285, 1.911851, 2.950718, 4.037658, 
0.983279, 1.947889, 2.993574, 3.997105, 
0.983279, 1.947889, 2.993574, 3.997105, 
0.969074, 1.949645, 3.077522, 3.990193, 
0.969074, 1.949645, 3.077522, 3.990193, 
0.969074, 1.949645, 3.077522, 3.990193, 
1.035243, 1.956859, 3.078666, 4.022023, 
1.035243, 1.956859, 3.078666, 4.022023, 
1.035243, 1.956859, 3.078666, 4.022023, 
1.035667, 1.909002, 3.074535, 4.039304, 
1.035667, 1.909002, 3.074535, 4.039304, 
1.043136, 1.903232, 3.074349, 4.047259, 
1.034353, 1.912654, 3.076092, 4.037808, 
1.034353, 1.912654, 3.076092, 4.037808, 
1.025902, 1.921713, 3.077766, 4.028713, 
1.025902, 1.921713, 3.077766, 4.028713, 
0.979090, 1.950996, 3.064814, 4.067645, 
0.979090, 1.950996, 3.064814, 4.067645, 
0.979090, 1.950996, 3.064814, 4.067645, 
0.979090, 1.950996, 3.064814, 4.067645, 
0.979090, 1.950996, 3.064814, 4.067645, 
0.979090, 1.950996, 3.064814, 4.067645, 
1.001940, 1.977624, 3.074538, 4.081122, 
0.983776, 1.968992, 3.042720, 4.075341, 
0.983776, 1.968992, 3.042720, 4.075341, 
0.960389, 2.001506, 3.049235, 4.064788, 
0.961717, 1.992965, 3.040912, 4.063181, 
0.970954, 2.015649, 3.025514, 4.064362, 
0.988282, 1.971953, 3.016983, 4.071531, 
0.988282, 1.971953, 3.016983, 4.071531, 
0.988282, 1.971953, 3.016983, 4.071531, 
0.988282, 1.971953, 3.016983, 4.071531, 
0.988282, 1.971953, 3.016983, 4.071531, 
0.988282, 1.971953, 3.016983, 4.071531, 
1.008511, 1.971835, 2.960157, 4.061089, 
1.008511, 1.971835, 2.960157, 4.061089, 
0.970548, 1.973533, 2.995328, 4.058612, 
1.008771, 1.997987, 3.005208, 4.038101, 
1.008771, 1.997987, 3.005208, 4.038101, 
1.004909, 1.990247, 2.992613, 4.058388, 
1.004909, 1.990247, 2.992613, 4.058388, 
1.004909, 1.990247, 2.992613, 4.058388, 
1.043323, 1.945719, 3.023678, 4.025632, 
1.043323, 1.945719, 3.023678, 4.025632, 
1.012149, 1.965283, 3.059229, 4.034919, 
1.012149, 1.965283, 3.059229, 4.034919, 
0.968629, 1.963235, 3.052143, 4.019841, 
0.968629, 1.963235, 3.052143, 4.019841, 
0.975563, 1.961460, 3.058775, 3.999647, 
0.975563, 1.961460, 3.058775, 3.999647, 
0.975563, 1.961460, 3.058775, 3.999647, 
0.975563, 1.961460, 3.058775, 3.999647, 
0.995006, 1.950204, 3.057443, 3.995006, 
0.961902, 1.970098, 3.060204, 4.003480, 
0.951177, 1.927612, 3.044574, 3.977700, 
0.951177, 1.927612, 3.044574, 3.977700, 
0.931672, 1.877444, 3.019713, 4.013253, 
0.931672, 1.877444, 3.019713, 4.013253, 
0.945096, 1.874218, 3.002445, 4.021567, 
0.978560, 1.871558, 2.974686, 4.042790, 
0.970686, 1.871928, 2.977997, 4.037863, 
0.970686, 1.871928, 2.977997, 4.037863, 
0.970686, 1.871928, 2.977997, 4.037863, 
0.970686, 1.871928, 2.977997, 4.037863, 
0.970686, 1.871928, 2.977997, 4.037863, 
0.966590, 1.897909, 2.991982, 4.083739, 
0.997957, 1.922124, 3.021924, 4.048506, 
0.997957, 1.922124, 3.021924, 4.048506, 
0.997957, 1.922124, 3.021924, 4.048506, 
0.997957, 1.922124, 3.021924, 4.048506, 
0.997957, 1.922124, 3.021924, 4.048506, 
0.971928, 1.935408, 3.042081, 4.033112, 
0.971928, 1.935408, 3.042081, 4.033112, 
0.971928, 1.935408, 3.042081, 4.033112, 
0.971928, 1.935408, 3.042081, 4.033112, 
0.971928, 1.935408, 3.042081, 4.033112, 
0.971928, 1.935408, 3.042081, 4.033112, 
1.001944, 1.945682, 3.065722, 4.052968, 
0.969755, 1.928509, 3.062808, 4.055954, 
0.969755, 1.928509, 3.062808, 4.055954, 
0.947168, 1.934498, 3.039843, 4.021030, 
0.947168, 1.934498, 3.039843, 4.021030, 
0.947168, 1.934498, 3.039843, 4.021030, 
0.947168, 1.934498, 3.039843, 4.021030, 
0.989414, 1.975986, 3.020236, 4.057443, 
0.989414, 1.975986, 3.020236, 4.057443, 
0.989414, 1.975986, 3.020236, 4.057443, 
0.989414, 1.975986, 3.020236, 4.057443, 
0.989414, 1.975986, 3.020236, 4.057443, 
0.989414, 1.975986, 3.020236, 4.057443, 
0.980908, 1.965575, 3.041842, 4.071288, 
0.974660, 1.972019, 3.000161, 4.096101, 
0.953113, 1.966201, 2.986526, 4.099813, 
0.953113, 1.966201, 2.986526, 4.099813, 
0.953113, 1.966201, 2.986526, 4.099813, 
0.925061, 1.947669, 3.056957, 4.057499, 
0.938906, 1.955019, 3.038747, 4.075351, 
0.938906, 1.955019, 3.038747, 4.075351, 
0.938906, 1.955019, 3.038747, 4.075351, 
0.938906, 1.955019, 3.038747, 4.075351, 
