48227.873477, 
48164.608888, 
48164.608888, 
48164.608888, 
48164.608888, 
48164.608888, 
48164.608888, 
48164.608888, 
48164.608888, 
47891.610674, 
47891.610674, 
47891.610674, 
47891.610674, 
47891.610674, 
41582.051307, 
41582.051307, 
41582.051307, 
41582.051307, 
41582.051307, 
30963.519869, 
30963.519869, 
30920.887652, 
30920.887652, 
30920.887652, 
30920.887652, 
30920.887652, 
27997.696020, 
27997.696020, 
27997.696020, 
27997.696020, 
27997.696020, 
27997.696020, 
27997.696020, 
27997.696020, 
27997.696020, 
27997.696020, 
27997.696020, 
27997.696020, 
27997.696020, 
27997.696020, 
27997.696020, 
27997.696020, 
27997.696020, 
27997.696020, 
27997.696020, 
27997.696020, 
22055.903161, 
22055.903161, 
21817.252670, 
20737.888071, 
19900.231729, 
19900.231729, 
13774.237448, 
13774.237448, 
13774.237448, 
13774.237448, 
13774.237448, 
13774.237448, 
12805.567562, 
12186.198076, 
12102.583679, 
11657.403996, 
11519.671532, 
10297.329536, 
9197.696367, 
8934.925412, 
8757.033575, 
8757.033575, 
8581.494831, 
8397.608468, 
7439.477516, 
7439.477516, 
7072.520484, 
7072.520484, 
7072.520484, 
6371.313731, 
6371.313731, 
6288.769673, 
5976.313474, 
5846.388095, 
5826.218055, 
5793.775693, 
5652.686509, 
5624.361360, 
5614.457294, 
5446.102212, 
5163.352944, 
5066.274783, 
5066.274783, 
4929.574135, 
4673.773754, 
4673.773754, 
4417.266489, 
3917.997432, 
3895.611927, 
3563.473698, 
3563.473698, 
3498.335913, 
3436.145224, 
3436.145224, 
3436.145224, 
3436.145224, 
3436.145224, 
3319.649475, 
3297.113585, 
3294.556531, 
3274.399309, 
3274.399309, 
3094.848039, 
3093.276950, 
3093.276950, 
3067.282578, 
3041.524222, 
3041.524222, 
3041.524222, 
3041.524222, 
3026.102025, 
2986.843841, 
2963.675050, 
2963.675050, 
2963.675050, 
2924.715175, 
2924.715175, 
2924.715175, 
2905.151411, 
2905.151411, 
2905.151411, 
2905.151411, 
2905.151411, 
2850.727091, 
2850.727091, 
2850.727091, 
2850.727091, 
2850.727091, 
2850.727091, 
2850.727091, 
2850.727091, 
2850.727091, 
2850.727091, 
2850.727091, 
2850.727091, 
2850.727091, 
2850.727091, 
2850.727091, 
2847.814917, 
2847.814917, 
2847.814917, 
2847.814917, 
2836.228464, 
2836.228464, 
2836.228464, 
2836.348662, 
2836.348662, 
2836.064944, 
2836.064944, 
2838.408738, 
2838.408738, 
2838.408738, 
2838.910842, 
2839.277053, 
2839.277053, 
2839.277053, 
2839.277053, 
2841.266975, 
2844.333099, 
2836.514591, 
2836.514591, 
2840.421617, 
2837.400218, 
2837.400218, 
2837.400218, 
2835.607676, 
2834.473977, 
2834.473977, 
2834.473977, 
2834.473977, 
2834.473977, 
2839.656766, 
2833.048637, 
2833.048637, 
2833.048637, 
2833.048637, 
2833.048637, 
2835.980396, 
2834.278352, 
2836.381677, 
2835.901598, 
2835.901598, 
2835.901598, 
2835.395769, 
2835.395769, 
2835.395769, 
2837.038622, 
2835.880121, 
2832.886592, 
2832.886592, 
2832.886592, 
2832.947246, 
2832.947246, 
2832.947246, 
2833.832201, 
2833.832201, 
2833.832201, 
2833.832201, 
2833.832201, 
2833.832201, 
2833.832201, 
2833.832201, 
2833.966771, 
2833.966771, 
2834.664979, 
2834.664979, 
2834.664979, 
2834.664979, 
2834.664979, 
2833.982783, 
2833.982783, 
2833.982783, 
2833.964620, 
2833.964620, 
2833.964620, 
2833.964620, 
2833.964620, 
2833.964620, 
2833.964620, 
2835.348811, 
2833.909176, 
2833.119420, 
2833.119420, 
2833.119420, 
2833.401461, 
2833.401461, 
2833.401461, 
2833.401461, 
2833.401461, 
2835.195034, 
2835.195034, 
2835.195034, 
2835.195034, 
2832.389634, 
2832.389634, 
2832.389634, 
2833.250198, 
2833.250198, 
2833.250198, 
2833.250198, 
2833.950008, 
2833.950008, 
2836.853940, 
2836.552851, 
2836.552851, 
2836.552851, 
2837.769692, 
2837.769692, 
2836.894515, 
2840.279477, 
2838.407159, 
2838.407159, 
2838.407159, 
2837.531814, 
2837.531814, 
2834.579293, 
2839.995225, 
2839.995225, 
2838.227555, 
2832.432489, 
2834.732790, 
2836.793667, 
2838.767822, 
2835.745067, 
2835.745067, 
2835.745067, 
2835.745067, 
2836.711340, 
2836.711340, 
2836.711340, 
2835.306856, 
2835.306856, 
2835.306856, 
2835.306856, 
2833.497683, 
2834.688088, 
2834.688088, 
2834.688088, 
2834.688088, 
2834.688088, 
2834.688088, 
2836.116530, 
2836.116530, 
2833.387573, 
2833.387573, 
2833.387573, 
2833.387573, 
2833.387573, 
2833.387573, 
2833.387573, 
2833.387573, 
2833.387573, 
2833.387573, 
2833.387573, 
2833.221204, 
2833.950501, 
2833.950501, 
2833.950501, 
2835.782677, 
2835.782677, 
2835.782677, 
2835.782677, 
2837.462378, 
2835.202551, 
2835.202551, 
2835.202551, 
2835.202551, 
2835.202551, 
2835.202551, 
2835.202551, 
2835.202551, 
2835.202551, 
2835.202551, 
2837.764122, 
2834.238808, 
2834.238808, 
2834.238808, 
2832.213907, 
2832.213907, 
2832.213907, 
2832.213907, 
2833.511759, 
2833.332952, 
2834.575003, 
2834.575003, 
2834.575003, 
2834.575003, 
2833.636855, 
2833.636855, 
2833.636855, 
2833.636855, 
2833.636855, 
2833.636855, 
2833.636855, 
2833.636855, 
2834.561028, 
2834.561028, 
2834.561028, 
2834.561028, 
2834.525289, 
2834.525289, 
2834.525289, 
2834.525289, 
2833.976999, 
2837.837137, 
2836.084675, 
2837.733375, 
2837.733375, 
2837.733375, 
2837.733375, 
2837.733375, 
2836.564969, 
2836.988547, 
2836.988547, 
2836.988547, 
2836.988547, 
2836.988547, 
2836.988547, 
2836.988547, 
2836.710911, 
2836.710911, 
2836.710911, 
2836.710911, 
2836.710911, 
2836.710911, 
2836.710911, 
2836.710911, 
2836.710911, 
2836.710911, 
2836.710911, 
2836.710911, 
2836.710911, 
2835.026945, 
2832.297912, 
2832.297912, 
2832.297912, 
2832.297912, 
2832.297912, 
2832.297912, 
2832.297912, 
2832.297912, 
2832.297912, 
2832.297912, 
2832.297912, 
2832.297912, 
2832.297912, 
2832.297912, 
2836.557841, 
2836.557841, 
2836.557841, 
2836.557841, 
2836.557841, 
2836.557841, 
2834.925694, 
2834.925694, 
2834.925694, 
2834.925694, 
2834.925694, 
2834.925694, 
2834.925694, 
2834.925694, 
2834.925694, 
2834.925694, 
2834.117739, 
2834.117739, 
2834.117739, 
2834.117739, 
2834.484025, 
2835.516247, 
2835.516247, 
2835.516247, 
2835.516247, 
2835.516247, 
2835.516247, 
2835.516247, 
2832.897227, 
2832.897227, 
2832.897227, 
2832.897227, 
2832.897227, 
2832.897227, 
2833.920677, 
2833.920677, 
2833.920677, 
2833.920677, 
2833.920677, 
2833.920677, 
2833.920677, 
2833.920677, 
2833.920677, 
2834.123643, 
2834.123643, 
2835.158959, 
2835.158959, 
2835.158959, 
2835.158959, 
2835.158959, 
2835.158959, 
2835.158959, 
2835.158959, 
2837.245278, 
2837.926595, 
2837.926595, 
2837.926595, 
2837.926595, 
2838.728018, 
2838.728018, 
2838.728018, 
2838.728018, 
2838.728018, 
2838.728018, 
2840.862970, 
2836.877044, 
2836.877044, 
2835.461093, 
2835.461093, 
2835.461093, 
2835.461093, 
2833.142249, 
2834.408143, 
2834.408143, 
2834.408143, 
2834.408143, 
2834.408143, 
2832.051112, 
2832.051112, 
2832.051112, 
2832.051112, 
2832.051112, 
2832.051112, 
2832.051112, 
2832.633706, 
2832.633706, 
2832.633706, 
2833.224775, 
2833.224775, 
2833.224775, 
2833.224775, 
2832.726500, 
2832.726500, 
2832.726500, 
2832.211820, 
2833.819917, 
2834.539058, 
2834.539058, 
2834.539058, 
2834.470259, 
2834.470259, 
2834.470259, 
2834.470259, 
2834.470259, 
2833.773186, 
2833.773186, 
2833.773186, 
2833.773186, 
2833.773186, 
2833.966520, 
2832.858444, 
2833.210411, 
2833.210411, 
2833.210411, 
2833.210411, 
2837.416592, 
2837.416592, 
2837.416592, 
2837.416592, 
2833.897216, 
2833.897216, 
2833.897216, 
2833.897216, 
2832.696002, 
2832.696002, 
2832.696002, 
2832.696002, 
2833.541084, 
2833.541084, 
2833.541084, 
2833.541084, 
2833.541084, 
2833.541084, 
2833.541084, 
2833.541084, 
2833.541084, 
2833.541084, 
2833.541084, 
2833.541084, 
2835.676765, 
2835.676765, 
2835.676765, 
2835.676765, 
2835.676765, 
2835.676765, 
2834.753752, 
2834.753752, 
2834.753752, 
2834.753752, 
2834.753752, 
2833.271521, 
2833.271521, 
2834.335409, 
2834.335409, 
2834.461819, 
2834.461819, 
2834.461819, 
2834.461819, 
2834.461819, 
2834.461819, 
2834.461819, 
2834.461819, 
2833.039145, 
2833.039145, 
2833.039145, 
2833.039145, 
2833.039145, 
2833.440520, 
2833.440520, 
2833.440520, 
2833.440520, 
2833.440520, 
2835.424487, 
2836.690747, 
2836.690747, 
2833.456174, 
2833.266977, 
2833.266977, 
2833.266977, 
2833.266977, 
2833.266977, 
2833.266977, 
2833.266977, 
2835.509443, 
2835.509443, 
2835.509443, 
2835.509443, 
2834.333300, 
2834.333300, 
2834.333300, 
2835.062761, 
2838.449445, 
2838.449445, 
2838.449445, 
2837.277234, 
2838.908266, 
2837.507764, 
2836.780921, 
2835.373897, 
2835.373897, 
2835.373897, 
2841.947889, 
2841.947889, 
2839.024098, 
2834.981095, 
2833.614165, 
2833.614165, 
2833.614165, 
2833.614165, 
2833.614165, 
2833.614165, 
2833.614165, 
2833.614165, 
2833.614165, 
2833.614165, 
2833.614165, 
2833.614165, 
2833.614165, 
2833.614165, 
2836.447337, 
2832.796843, 
2832.796843, 
2832.796843, 
2832.796843, 
2832.796843, 
2832.796843, 
2832.796843, 
2832.796843, 
2836.356639, 
2836.356639, 
2833.545727, 
2837.810669, 
2837.810669, 
2837.810669, 
2837.810669, 
2837.810669, 
2837.810669, 
2836.996102, 
2836.996102, 
2836.996102, 
2836.996102, 
2836.996102, 
2839.246087, 
2839.246087, 
2834.973729, 
2834.973729, 
2833.597751, 
2833.597751, 
2833.693821, 
2833.693821, 
2833.693821, 
2833.693821, 
2833.693821, 
2833.693821, 
2833.693821, 
2833.693821, 
2833.693821, 
2835.083254, 
2834.323709, 
2833.335534, 
2833.335534, 
2833.335534, 
2834.970453, 
2834.970453, 
2834.970453, 
2834.457261, 
2834.457261, 
2834.457261, 
2834.457261, 
2834.457261, 
2836.565734, 
2835.285797, 
2835.285797, 
2835.285797, 
2832.855971, 
2832.855971, 
2832.855971, 
2832.572377, 
2835.018804, 
2835.018804, 
2837.185914, 
2834.312779, 
2834.312779, 
2832.297569, 
2834.225537, 
2834.225537, 
2833.738981, 
2833.738981, 
2833.738981, 
2832.297578, 
2832.297578, 
2832.297578, 
2832.297578, 
2832.297578, 
2833.289885, 
2833.289885, 
2833.289885, 
2833.289885, 
2833.289885, 
2833.289885, 
2834.600485, 
2834.600485, 
2832.583705, 
2835.962542, 
2835.962542, 
2839.870214, 
2837.553351, 
2837.553351, 
2837.553351, 
2837.553351, 
2837.553351, 
2838.147749, 
2838.147749, 
2838.147749, 
2838.087371, 
2838.087371, 
2841.051057, 
2841.051057, 
2841.051057, 
2841.051057, 
2837.630500, 
2837.630500, 
2837.630500, 
2836.873741, 
2836.873741, 
2836.873741, 
2834.734337, 
2834.734337, 
2834.734337, 
2834.734337, 
2834.734337, 
2834.734337, 
2834.734337, 
2834.734337, 
2834.734337, 
2834.734337, 
2834.734337, 
2835.876909, 
2835.876909, 
2835.876909, 
2835.876909, 
2835.876909, 
2835.876909, 
2837.279097, 
2837.279097, 
2837.279097, 
2837.279097, 
2837.279097, 
2837.279097, 
2835.128279, 
2835.128279, 
2835.128279, 
2835.128279, 
2835.128279, 
2835.128279, 
2838.833201, 
2840.107106, 
2840.107106, 
2843.895945, 
2843.895945, 
2843.431455, 
2840.045069, 
2840.045069, 
2839.784856, 
2839.784856, 
2839.784856, 
2839.784856, 
2837.207718, 
2837.207718, 
2837.661187, 
2842.001447, 
2842.001447, 
2842.001447, 
2842.637970, 
2842.637970, 
2842.637970, 
2843.129325, 
2846.126049, 
2845.340958, 
2840.400036, 
2840.400036, 
2839.159211, 
2837.792984, 
2837.792984, 
2837.792984, 
2836.019455, 
2836.654315, 
2836.654315, 
2836.654315, 
2837.417462, 
2837.417462, 
2837.417462, 
2837.417462, 
2837.417462, 
2833.594499, 
2833.594499, 
2833.594499, 
2833.594499, 
2833.594499, 
2833.594499, 
2834.655789, 
2834.655789, 
2834.655789, 
2834.659720, 
2834.659720, 
2836.929909, 
2838.794459, 
2838.794459, 
2838.794459, 
2838.794459, 
2838.794459, 
2838.794459, 
2838.794459, 
2836.586170, 
2836.586170, 
2836.586170, 
2836.586170, 
2836.586170, 
2834.427795, 
2834.427795, 
2834.427795, 
2834.427795, 
2832.977269, 
2832.977269, 
2832.977269, 
2832.977269, 
2832.977269, 
2832.977269, 
2832.977269, 
2832.977269, 
2832.977269, 
2832.977269, 
2832.977269, 
2832.977269, 
2832.977269, 
2832.977269, 
2832.977269, 
2832.977269, 
2832.977269, 
2832.977269, 
2832.977269, 
2832.977269, 
2832.977269, 
2832.977269, 
2832.977269, 
2832.198710, 
2832.496551, 
2832.496551, 
2832.496551, 
2832.496551, 
2833.435780, 
2833.435780, 
2833.733440, 
2833.733440, 
2833.733440, 
2833.733440, 
2833.733440, 
2838.553486, 
2836.294127, 
2835.297680, 
2835.297680, 
2835.297680, 
2835.297680, 
2835.297680, 
2834.989344, 
2834.989344, 
2834.684078, 
2836.019378, 
2836.019378, 
2836.019378, 
2836.019378, 
2836.019378, 
2838.560518, 
2837.329751, 
2837.329751, 
2837.329751, 
2837.329751, 
2837.329751, 
2837.329751, 
2837.329751, 
2835.632814, 
2832.918252, 
2833.573399, 
2833.573399, 
2833.573399, 
2833.573399, 
2833.573399, 
2833.573399, 
2833.573399, 
2833.573399, 
2834.107992, 
2837.337905, 
2837.337905, 
2837.337905, 
2837.337905, 
2841.018655, 
2841.018655, 
2838.727685, 
2835.071231, 
2835.071231, 
2838.377591, 
2838.377591, 
2838.377591, 
2836.018191, 
2836.018191, 
2836.165843, 
2835.615412, 
2835.615412, 
2835.615412, 
2835.927567, 
2835.841436, 
2835.841436, 
2835.841436, 
2835.841436, 
2835.841436, 
2836.667657, 
2836.667657, 
2836.667657, 
2836.667657, 
2835.105549, 
2835.105549, 
2835.105549, 
2834.334683, 
2834.334683, 
2834.334683, 
2834.334683, 
2834.334683, 
2834.334683, 
2834.334683, 
2834.334683, 
2834.334683, 
2835.340819, 
2835.340819, 
2835.340819, 
2835.340819, 
2835.340819, 
2835.340819, 
2835.340819, 
2835.340819, 
2835.340819, 
2835.340819, 
2834.529628, 
2834.529628, 
2834.529628, 
2834.529628, 
2833.021409, 
2833.021409, 
2833.046079, 
2833.046079, 
2832.392978, 
2833.228661, 
2834.531069, 
2834.531069, 
2834.531069, 
2834.531069, 
2833.435572, 
2833.337932, 
2833.337932, 
2833.337932, 
2834.249321, 
2834.249321, 
2834.249321, 
2834.249321, 
2845.803034, 
2845.803034, 
2845.803034, 
2842.359906, 
2842.359906, 
2842.359906, 
2842.359906, 
2842.359906, 
2842.359906, 
2842.359906, 
2842.359906, 
2842.359906, 
2842.359906, 
2843.452949, 
2844.134301, 
2844.134301, 
2844.134301, 
2844.134301, 
2842.599637, 
2835.300385, 
2835.223543, 
2835.223543, 
2835.223543, 
2835.140357, 
2835.140357, 
2835.140357, 
2835.140357, 
2835.140357, 
2835.140357, 
2835.140357, 
2835.140357, 
2834.079283, 
2834.079283, 
2833.973500, 
2833.903545, 
2833.903545, 
2838.783294, 
2838.783294, 
2838.783294, 
2833.460431, 
2833.460431, 
2833.460431, 
2833.460431, 
2833.460431, 
