-13.509560,-26085.925635,-26072.416075,
-13.509560,-26085.925635,-26072.416075,
-13.509560,-26085.925635,-26072.416075,
-13.509560,-26085.925635,-26072.416075,
-13.509560,-26085.925635,-26072.416075,
-13.509560,-26085.925635,-26072.416075,
-13.509560,-26085.925635,-26072.416075,
-13.509560,-26085.925635,-26072.416075,
-13.509560,-26085.925635,-26072.416075,
-13.509560,-26085.925635,-26072.416075,
-15.284382,-23256.594224,-23241.309842,
-15.284382,-23256.594224,-23241.309842,
-15.284382,-23256.594224,-23241.309842,
-15.284382,-23256.594224,-23241.309842,
-15.284382,-23256.594224,-23241.309842,
-15.284382,-23256.594224,-23241.309842,
-15.284382,-23256.594224,-23241.309842,
-15.284382,-23256.594224,-23241.309842,
-15.284382,-23256.594224,-23241.309842,
-15.284382,-23256.594224,-23241.309842,
-15.591021,-15194.215928,-15178.624907,
-15.591021,-15194.215928,-15178.624907,
-13.411893,-14825.944565,-14812.532671,
-13.411893,-14825.944565,-14812.532671,
-13.411893,-14825.944565,-14812.532671,
-13.411893,-14825.944565,-14812.532671,
-13.411893,-14825.944565,-14812.532671,
-13.411893,-14825.944565,-14812.532671,
-13.411893,-14825.944565,-14812.532671,
-13.411893,-14825.944565,-14812.532671,
-13.411893,-14825.944565,-14812.532671,
-13.411893,-14825.944565,-14812.532671,
-13.411893,-14825.944565,-14812.532671,
-13.411893,-14825.944565,-14812.532671,
-13.411893,-14825.944565,-14812.532671,
-13.180594,-14405.039005,-14391.858411,
-13.180594,-14405.039005,-14391.858411,
-13.180594,-14405.039005,-14391.858411,
-13.183077,-14108.230400,-14095.047324,
-13.183077,-14108.230400,-14095.047324,
-13.183077,-14108.230400,-14095.047324,
-13.183077,-14108.230400,-14095.047324,
-13.183077,-14108.230400,-14095.047324,
-13.178446,-14052.836489,-14039.658043,
-13.082116,-9013.077143,-8999.995027,
-13.082116,-9013.077143,-8999.995027,
-13.082116,-9013.077143,-8999.995027,
-13.082116,-9013.077143,-8999.995027,
-13.082116,-9013.077143,-8999.995027,
-13.082116,-9013.077143,-8999.995027,
-13.082116,-9013.077143,-8999.995027,
-13.101193,-8835.838411,-8822.737218,
-13.101193,-8835.838411,-8822.737218,
-13.101193,-8835.838411,-8822.737218,
-13.103101,-8297.830064,-8284.726963,
-13.103101,-8297.830064,-8284.726963,
-12.976601,-6196.413198,-6183.436596,
-12.976601,-6196.413198,-6183.436596,
-12.976601,-6196.413198,-6183.436596,
-12.980389,-5305.936318,-5292.955929,
-12.980389,-5305.936318,-5292.955929,
-12.980389,-5305.936318,-5292.955929,
-12.973307,-5236.048297,-5223.074990,
-12.978744,-4488.044798,-4475.066054,
-12.983076,-4333.448214,-4320.465138,
-12.988904,-4178.939316,-4165.950412,
-12.991650,-4155.638185,-4142.646536,
-12.987341,-3778.335083,-3765.347742,
-12.987341,-3778.335083,-3765.347742,
-12.992723,-3747.676512,-3734.683789,
-12.992991,-3583.573749,-3570.580758,
-12.992991,-3583.573749,-3570.580758,
-12.993420,-3393.427172,-3380.433752,
-12.993381,-3293.978254,-3280.984873,
-12.993381,-3293.978254,-3280.984873,
-12.993381,-3293.978254,-3280.984873,
-12.993381,-3293.978254,-3280.984873,
-13.000692,-3237.496736,-3224.496044,
-13.002305,-2963.554542,-2950.552237,
-12.996315,-2954.209053,-2941.212739,
-12.996315,-2954.209053,-2941.212739,
-13.018767,-2847.105018,-2834.086251,
-13.006101,-2720.772167,-2707.766065,
-13.006101,-2720.772167,-2707.766065,
-13.006681,-2632.379203,-2619.372522,
-13.006681,-2632.379203,-2619.372522,
-13.002840,-2545.669210,-2532.666371,
-13.002840,-2545.669210,-2532.666371,
-12.996411,-2365.388696,-2352.392285,
-12.992684,-2313.163778,-2300.171095,
-12.992684,-2313.163778,-2300.171095,
-12.992684,-2313.163778,-2300.171095,
-12.992684,-2313.163778,-2300.171095,
-13.005771,-1996.185424,-1983.179654,
-13.007427,-1944.488110,-1931.480683,
-13.011739,-1932.933531,-1919.921792,
-13.009045,-1831.548944,-1818.539899,
-13.009045,-1831.548944,-1818.539899,
-13.009045,-1831.548944,-1818.539899,
-13.009045,-1831.548944,-1818.539899,
-13.018035,-1749.371996,-1736.353961,
-13.018035,-1749.371996,-1736.353961,
-13.018035,-1749.371996,-1736.353961,
-13.018035,-1749.371996,-1736.353961,
-13.018035,-1749.371996,-1736.353961,
-13.023869,-1663.515594,-1650.491725,
-13.023869,-1663.515594,-1650.491725,
-13.023869,-1663.515594,-1650.491725,
-13.024646,-1646.040958,-1633.016312,
-13.028914,-1629.059268,-1616.030353,
-13.028914,-1629.059268,-1616.030353,
-13.028914,-1629.059268,-1616.030353,
-13.028914,-1629.059268,-1616.030353,
-13.028914,-1629.059268,-1616.030353,
-13.030389,-1552.594328,-1539.563939,
-13.030389,-1552.594328,-1539.563939,
-13.030389,-1552.594328,-1539.563939,
-13.030389,-1552.594328,-1539.563939,
-13.035469,-1543.198511,-1530.163042,
-13.051167,-1517.315287,-1504.264121,
-13.051167,-1517.315287,-1504.264121,
-13.051167,-1517.315287,-1504.264121,
-13.051167,-1517.315287,-1504.264121,
-13.051167,-1517.315287,-1504.264121,
-13.040661,-1475.023983,-1461.983322,
-13.027588,-1475.067793,-1462.040205,
-13.027588,-1475.067793,-1462.040205,
-13.027588,-1475.067793,-1462.040205,
-13.027588,-1475.067793,-1462.040205,
-13.027588,-1475.067793,-1462.040205,
-13.027588,-1475.067793,-1462.040205,
-13.027588,-1475.067793,-1462.040205,
-13.039977,-1462.344042,-1449.304065,
-13.039977,-1462.344042,-1449.304065,
-13.039977,-1462.344042,-1449.304065,
-13.039977,-1462.344042,-1449.304065,
-13.041548,-1440.997725,-1427.956177,
-13.041548,-1440.997725,-1427.956177,
-13.041548,-1440.997725,-1427.956177,
-13.041548,-1440.997725,-1427.956177,
-13.041548,-1440.997725,-1427.956177,
-13.036720,-1442.401649,-1429.364930,
-13.036720,-1442.401649,-1429.364930,
-13.039426,-1432.166033,-1419.126608,
-13.039426,-1432.166033,-1419.126608,
-13.037169,-1430.083545,-1417.046376,
-13.037169,-1430.083545,-1417.046376,
-13.041136,-1430.453293,-1417.412157,
-13.041136,-1430.453293,-1417.412157,
-13.041136,-1430.453293,-1417.412157,
-13.041136,-1430.453293,-1417.412157,
-13.041136,-1430.453293,-1417.412157,
-13.041136,-1430.453293,-1417.412157,
-13.041136,-1430.453293,-1417.412157,
-13.041136,-1430.453293,-1417.412157,
-13.040937,-1431.331954,-1418.291018,
-13.041873,-1431.094657,-1418.052784,
-13.041873,-1431.094657,-1418.052784,
-13.041873,-1431.094657,-1418.052784,
-13.041873,-1431.094657,-1418.052784,
-13.041873,-1431.094657,-1418.052784,
-13.040711,-1433.179261,-1420.138551,
-13.037429,-1429.795586,-1416.758158,
-13.037429,-1429.795586,-1416.758158,
-13.037429,-1429.795586,-1416.758158,
-13.038416,-1426.015529,-1412.977112,
-13.038416,-1426.015529,-1412.977112,
-13.038416,-1426.015529,-1412.977112,
-13.038416,-1426.015529,-1412.977112,
-13.037406,-1426.212615,-1413.175209,
-13.037406,-1426.212615,-1413.175209,
-13.037357,-1425.034134,-1411.996777,
-13.037357,-1425.034134,-1411.996777,
-13.034541,-1427.489646,-1414.455105,
-13.036675,-1427.045954,-1414.009279,
-13.036675,-1427.045954,-1414.009279,
-13.036675,-1427.045954,-1414.009279,
-13.036675,-1427.045954,-1414.009279,
-13.036675,-1427.045954,-1414.009279,
-13.035818,-1426.002176,-1412.966358,
-13.036264,-1426.742878,-1413.706614,
-13.036264,-1426.742878,-1413.706614,
-13.038155,-1426.448825,-1413.410671,
-13.038155,-1426.448825,-1413.410671,
-13.037821,-1426.599547,-1413.561726,
-13.036891,-1426.445529,-1413.408639,
-13.036891,-1426.445529,-1413.408639,
-13.036891,-1426.445529,-1413.408639,
-13.036891,-1426.445529,-1413.408639,
-13.036891,-1426.445529,-1413.408639,
-13.036891,-1426.445529,-1413.408639,
-13.036891,-1426.445529,-1413.408639,
-13.036685,-1426.033699,-1412.997014,
-13.036685,-1426.033699,-1412.997014,
-13.036685,-1426.033699,-1412.997014,
-13.036685,-1426.033699,-1412.997014,
-13.036685,-1426.033699,-1412.997014,
-13.036685,-1426.033699,-1412.997014,
-13.036685,-1426.033699,-1412.997014,
-13.036685,-1426.033699,-1412.997014,
-13.036685,-1426.033699,-1412.997014,
-13.036971,-1425.499690,-1412.462719,
-13.036971,-1425.499690,-1412.462719,
-13.036971,-1425.499690,-1412.462719,
-13.036971,-1425.499690,-1412.462719,
-13.036704,-1425.411393,-1412.374688,
-13.036704,-1425.411393,-1412.374688,
-13.036592,-1428.016129,-1414.979537,
-13.036592,-1428.016129,-1414.979537,
-13.035789,-1428.992799,-1415.957010,
-13.035789,-1428.992799,-1415.957010,
-13.035789,-1428.992799,-1415.957010,
-13.035789,-1428.992799,-1415.957010,
-13.035789,-1428.992799,-1415.957010,
-13.036956,-1428.371939,-1415.334983,
-13.039295,-1427.652965,-1414.613670,
-13.039295,-1427.652965,-1414.613670,
-13.038505,-1426.145875,-1413.107371,
-13.038505,-1426.145875,-1413.107371,
-13.038891,-1426.680625,-1413.641734,
-13.038891,-1426.680625,-1413.641734,
-13.038891,-1426.680625,-1413.641734,
-13.037475,-1425.835085,-1412.797610,
-13.037475,-1425.835085,-1412.797610,
-13.037568,-1425.365818,-1412.328250,
-13.037568,-1425.365818,-1412.328250,
-13.037394,-1425.991836,-1412.954442,
-13.037394,-1425.991836,-1412.954442,
-13.038869,-1426.384168,-1413.345299,
-13.038869,-1426.384168,-1413.345299,
-13.038869,-1426.384168,-1413.345299,
-13.037303,-1426.716504,-1413.679200,
-13.037303,-1426.716504,-1413.679200,
-13.038771,-1428.168680,-1415.129908,
-13.038771,-1428.168680,-1415.129908,
-13.038771,-1428.168680,-1415.129908,
-13.037407,-1431.114241,-1418.076834,
-13.037407,-1431.114241,-1418.076834,
-13.037407,-1431.114241,-1418.076834,
-13.037407,-1431.114241,-1418.076834,
-13.037407,-1431.114241,-1418.076834,
-13.037407,-1431.114241,-1418.076834,
-13.035968,-1429.130126,-1416.094157,
-13.035968,-1429.130126,-1416.094157,
-13.038014,-1427.762718,-1414.724705,
-13.038014,-1427.762718,-1414.724705,
-13.038014,-1427.762718,-1414.724705,
-13.039556,-1427.748225,-1414.708669,
-13.038073,-1427.282429,-1414.244356,
-13.038073,-1427.282429,-1414.244356,
-13.038073,-1427.282429,-1414.244356,
-13.036283,-1425.936557,-1412.900273,
-13.036349,-1426.468472,-1413.432123,
-13.035847,-1427.700172,-1414.664325,
-13.034701,-1426.608547,-1413.573846,
-13.038574,-1425.569344,-1412.530770,
-13.039876,-1426.258423,-1413.218547,
-13.039876,-1426.258423,-1413.218547,
-13.039876,-1426.258423,-1413.218547,
-13.039173,-1426.471975,-1413.432802,
-13.037424,-1426.004733,-1412.967309,
-13.037424,-1426.004733,-1412.967309,
-13.039909,-1426.884890,-1413.844981,
-13.039909,-1426.884890,-1413.844981,
-13.040202,-1426.675340,-1413.635139,
-13.040202,-1426.675340,-1413.635139,
-13.039564,-1426.324398,-1413.284834,
-13.041551,-1428.337478,-1415.295927,
-13.041551,-1428.337478,-1415.295927,
-13.042445,-1430.120143,-1417.077699,
-13.041496,-1429.361458,-1416.319962,
-13.041203,-1432.133092,-1419.091889,
-13.038697,-1428.653602,-1415.614905,
-13.038697,-1428.653602,-1415.614905,
-13.038697,-1428.653602,-1415.614905,
-13.038697,-1428.653602,-1415.614905,
-13.038697,-1428.653602,-1415.614905,
-13.037586,-1426.676233,-1413.638646,
-13.037582,-1425.618678,-1412.581096,
-13.037582,-1425.618678,-1412.581096,
-13.037582,-1425.618678,-1412.581096,
-13.037582,-1425.618678,-1412.581096,
-13.037582,-1425.618678,-1412.581096,
-13.037582,-1425.618678,-1412.581096,
-13.037582,-1425.618678,-1412.581096,
-13.037582,-1425.618678,-1412.581096,
-13.037582,-1425.618678,-1412.581096,
-13.039064,-1425.987142,-1412.948078,
-13.037779,-1427.509040,-1414.471262,
-13.037779,-1427.509040,-1414.471262,
-13.037779,-1427.509040,-1414.471262,
-13.035131,-1426.489629,-1413.454497,
-13.035131,-1426.489629,-1413.454497,
-13.035131,-1426.489629,-1413.454497,
-13.035131,-1426.489629,-1413.454497,
-13.035131,-1426.489629,-1413.454497,
-13.035131,-1426.489629,-1413.454497,
-13.035131,-1426.489629,-1413.454497,
-13.035131,-1426.489629,-1413.454497,
-13.035131,-1426.489629,-1413.454497,
-13.035633,-1426.624310,-1413.588678,
-13.035633,-1426.624310,-1413.588678,
-13.035633,-1426.624310,-1413.588678,
-13.035534,-1429.113409,-1416.077874,
-13.035210,-1429.686758,-1416.651548,
-13.034956,-1429.311651,-1416.276695,
-13.034956,-1429.311651,-1416.276695,
-13.037812,-1428.418994,-1415.381183,
-13.037812,-1428.418994,-1415.381183,
-13.037812,-1428.418994,-1415.381183,
-13.038524,-1426.658947,-1413.620423,
-13.037800,-1425.846083,-1412.808283,
-13.037800,-1425.846083,-1412.808283,
-13.037800,-1425.846083,-1412.808283,
-13.037800,-1425.846083,-1412.808283,
-13.037800,-1425.846083,-1412.808283,
-13.037800,-1425.846083,-1412.808283,
-13.037800,-1425.846083,-1412.808283,
-13.037800,-1425.846083,-1412.808283,
-13.037800,-1425.846083,-1412.808283,
-13.037800,-1425.846083,-1412.808283,
-13.039711,-1428.290474,-1415.250762,
-13.039583,-1426.274070,-1413.234487,
-13.039583,-1426.274070,-1413.234487,
-13.039583,-1426.274070,-1413.234487,
-13.038796,-1425.734989,-1412.696193,
-13.038796,-1425.734989,-1412.696193,
-13.038796,-1425.734989,-1412.696193,
-13.038796,-1425.734989,-1412.696193,
-13.038796,-1425.734989,-1412.696193,
-13.038796,-1425.734989,-1412.696193,
-13.040232,-1428.236270,-1415.196038,
-13.040232,-1428.236270,-1415.196038,
-13.040232,-1428.236270,-1415.196038,
-13.040232,-1428.236270,-1415.196038,
-13.040232,-1428.236270,-1415.196038,
-13.037725,-1427.611469,-1414.573743,
-13.037725,-1427.611469,-1414.573743,
-13.033988,-1429.567568,-1416.533580,
-13.033988,-1429.567568,-1416.533580,
-13.033988,-1429.567568,-1416.533580,
-13.034073,-1429.628785,-1416.594713,
-13.033786,-1429.098725,-1416.064939,
-13.033080,-1430.248060,-1417.214980,
-13.033080,-1430.248060,-1417.214980,
-13.033080,-1430.248060,-1417.214980,
-13.033080,-1430.248060,-1417.214980,
-13.033080,-1430.248060,-1417.214980,
-13.033080,-1430.248060,-1417.214980,
-13.033080,-1430.248060,-1417.214980,
-13.033591,-1427.565576,-1414.531985,
-13.033591,-1427.565576,-1414.531985,
-13.035984,-1426.119373,-1413.083389,
-13.035984,-1426.119373,-1413.083389,
-13.035984,-1426.119373,-1413.083389,
-13.035984,-1426.119373,-1413.083389,
-13.034271,-1427.930766,-1414.896496,
-13.034271,-1427.930766,-1414.896496,
-13.034271,-1427.930766,-1414.896496,
-13.034271,-1427.930766,-1414.896496,
-13.034271,-1427.930766,-1414.896496,
-13.034271,-1427.930766,-1414.896496,
-13.037106,-1425.255648,-1412.218542,
-13.037106,-1425.255648,-1412.218542,
-13.038375,-1426.581063,-1413.542687,
-13.038375,-1426.581063,-1413.542687,
-13.038375,-1426.581063,-1413.542687,
-13.038375,-1426.581063,-1413.542687,
-13.039374,-1427.260725,-1414.221351,
-13.039374,-1427.260725,-1414.221351,
-13.037515,-1426.736428,-1413.698913,
-13.037515,-1426.736428,-1413.698913,
-13.035914,-1426.545396,-1413.509482,
-13.035914,-1426.545396,-1413.509482,
-13.035914,-1426.545396,-1413.509482,
-13.035914,-1426.545396,-1413.509482,
-13.035914,-1426.545396,-1413.509482,
-13.035098,-1426.581700,-1413.546602,
-13.034961,-1426.901265,-1413.866304,
-13.034961,-1426.901265,-1413.866304,
-13.034961,-1426.901265,-1413.866304,
-13.034961,-1426.901265,-1413.866304,
-13.034961,-1426.901265,-1413.866304,
-13.034961,-1426.901265,-1413.866304,
-13.034961,-1426.901265,-1413.866304,
-13.034961,-1426.901265,-1413.866304,
-13.034961,-1426.901265,-1413.866304,
-13.034808,-1426.878672,-1413.843864,
-13.034808,-1426.878672,-1413.843864,
-13.034808,-1426.878672,-1413.843864,
-13.034808,-1426.878672,-1413.843864,
-13.035269,-1427.119644,-1414.084375,
-13.035269,-1427.119644,-1414.084375,
-13.035269,-1427.119644,-1414.084375,
-13.036538,-1425.456778,-1412.420240,
-13.036538,-1425.456778,-1412.420240,
-13.038408,-1425.294115,-1412.255708,
-13.038408,-1425.294115,-1412.255708,
-13.038408,-1425.294115,-1412.255708,
-13.038408,-1425.294115,-1412.255708,
-13.036580,-1425.809135,-1412.772555,
-13.037046,-1425.298709,-1412.261663,
-13.037046,-1425.298709,-1412.261663,
-13.037046,-1425.298709,-1412.261663,
-13.038301,-1425.462118,-1412.423816,
-13.037176,-1425.058572,-1412.021396,
-13.037176,-1425.058572,-1412.021396,
-13.036963,-1425.130784,-1412.093821,
-13.036963,-1425.130784,-1412.093821,
-13.036814,-1426.541669,-1413.504855,
-13.036814,-1426.541669,-1413.504855,
-13.036814,-1426.541669,-1413.504855,
-13.037677,-1425.535931,-1412.498254,
-13.037677,-1425.535931,-1412.498254,
-13.037677,-1425.535931,-1412.498254,
-13.037677,-1425.535931,-1412.498254,
-13.038376,-1425.225983,-1412.187606,
-13.038376,-1425.225983,-1412.187606,
-13.038376,-1425.225983,-1412.187606,
-13.038376,-1425.225983,-1412.187606,
-13.036354,-1425.281151,-1412.244797,
-13.036354,-1425.281151,-1412.244797,
-13.039770,-1425.916989,-1412.877219,
-13.039770,-1425.916989,-1412.877219,
-13.039770,-1425.916989,-1412.877219,
-13.039770,-1425.916989,-1412.877219,
-13.039770,-1425.916989,-1412.877219,
-13.039770,-1425.916989,-1412.877219,
-13.039062,-1426.491374,-1413.452312,
-13.037606,-1427.389806,-1414.352200,
-13.037606,-1427.389806,-1414.352200,
-13.035284,-1426.087415,-1413.052131,
-13.035284,-1426.087415,-1413.052131,
-13.036214,-1425.288346,-1412.252132,
-13.036214,-1425.288346,-1412.252132,
-13.036214,-1425.288346,-1412.252132,
-13.036214,-1425.288346,-1412.252132,
-13.036214,-1425.288346,-1412.252132,
-13.036214,-1425.288346,-1412.252132,
-13.036214,-1425.288346,-1412.252132,
-13.036214,-1425.288346,-1412.252132,
-13.036214,-1425.288346,-1412.252132,
-13.035715,-1425.969708,-1412.933993,
-13.038289,-1426.655191,-1413.616901,
-13.034882,-1428.370372,-1415.335490,
-13.034882,-1428.370372,-1415.335490,
-13.035686,-1427.824934,-1414.789247,
-13.034061,-1427.438622,-1414.404561,
-13.034061,-1427.438622,-1414.404561,
-13.034061,-1427.438622,-1414.404561,
-13.033976,-1427.353281,-1414.319305,
-13.033976,-1427.353281,-1414.319305,
-13.033976,-1427.353281,-1414.319305,
-13.033976,-1427.353281,-1414.319305,
-13.036249,-1426.112599,-1413.076350,
-13.038670,-1426.076099,-1413.037429,
-13.035243,-1427.989684,-1414.954441,
-13.036527,-1426.924991,-1413.888464,
-13.035098,-1427.032147,-1413.997049,
-13.032754,-1429.595760,-1416.563006,
-13.036181,-1430.955467,-1417.919285,
-13.039058,-1430.743186,-1417.704128,
-13.037291,-1429.109505,-1416.072214,
-13.039651,-1429.287123,-1416.247471,
-13.039651,-1429.287123,-1416.247471,
-13.039651,-1429.287123,-1416.247471,
-13.039651,-1429.287123,-1416.247471,
-13.039651,-1429.287123,-1416.247471,
-13.039651,-1429.287123,-1416.247471,
-13.039651,-1429.287123,-1416.247471,
-13.038326,-1428.433786,-1415.395460,
-13.038326,-1428.433786,-1415.395460,
-13.037508,-1427.458041,-1414.420533,
-13.037508,-1427.458041,-1414.420533,
-13.037508,-1427.458041,-1414.420533,
-13.037508,-1427.458041,-1414.420533,
-13.037508,-1427.458041,-1414.420533,
-13.037510,-1426.325022,-1413.287512,
-13.037510,-1426.325022,-1413.287512,
-13.037510,-1426.325022,-1413.287512,
-13.037510,-1426.325022,-1413.287512,
-13.038635,-1425.337397,-1412.298762,
-13.039490,-1426.031363,-1412.991872,
-13.039490,-1426.031363,-1412.991872,
-13.039490,-1426.031363,-1412.991872,
-13.038127,-1426.067041,-1413.028914,
-13.038127,-1426.067041,-1413.028914,
-13.037447,-1425.352024,-1412.314577,
-13.037447,-1425.352024,-1412.314577,
-13.036158,-1425.540947,-1412.504789,
-13.036158,-1425.540947,-1412.504789,
-13.036158,-1425.540947,-1412.504789,
-13.036158,-1425.540947,-1412.504789,
-13.036158,-1425.540947,-1412.504789,
-13.036158,-1425.540947,-1412.504789,
-13.035495,-1426.194881,-1413.159386,
-13.035495,-1426.194881,-1413.159386,
-13.037124,-1428.556891,-1415.519767,
-13.037124,-1428.556891,-1415.519767,
-13.037124,-1428.556891,-1415.519767,
-13.037124,-1428.556891,-1415.519767,
-13.038867,-1427.216147,-1414.177279,
-13.038867,-1427.216147,-1414.177279,
-13.038867,-1427.216147,-1414.177279,
-13.038867,-1427.216147,-1414.177279,
-13.038867,-1427.216147,-1414.177279,
-13.038192,-1426.670221,-1413.632030,
-13.038192,-1426.670221,-1413.632030,
-13.038192,-1426.670221,-1413.632030,
-13.038192,-1426.670221,-1413.632030,
-13.038192,-1426.670221,-1413.632030,
-13.038192,-1426.670221,-1413.632030,
-13.038192,-1426.670221,-1413.632030,
-13.038192,-1426.670221,-1413.632030,
-13.038192,-1426.670221,-1413.632030,
-13.037888,-1426.039124,-1413.001237,
-13.037888,-1426.039124,-1413.001237,
-13.038118,-1427.508018,-1414.469900,
-13.038118,-1427.508018,-1414.469900,
-13.038118,-1427.508018,-1414.469900,
-13.038118,-1427.508018,-1414.469900,
-13.039278,-1429.449856,-1416.410578,
-13.039278,-1429.449856,-1416.410578,
-13.039278,-1429.449856,-1416.410578,
-13.041138,-1430.593923,-1417.552785,
-13.039005,-1429.513482,-1416.474477,
-13.039005,-1429.513482,-1416.474477,
-13.039005,-1429.513482,-1416.474477,
-13.039005,-1429.513482,-1416.474477,
-13.039005,-1429.513482,-1416.474477,
-13.039005,-1429.513482,-1416.474477,
-13.039005,-1429.513482,-1416.474477,
-13.039005,-1429.513482,-1416.474477,
-13.037124,-1429.465335,-1416.428212,
-13.039015,-1428.731170,-1415.692155,
-13.039015,-1428.731170,-1415.692155,
-13.035199,-1430.695042,-1417.659843,
-13.035199,-1430.695042,-1417.659843,
-13.035199,-1430.695042,-1417.659843,
-13.036493,-1430.497253,-1417.460760,
-13.036493,-1430.497253,-1417.460760,
-13.036493,-1430.497253,-1417.460760,
-13.036493,-1430.497253,-1417.460760,
-13.036493,-1430.497253,-1417.460760,
-13.036493,-1430.497253,-1417.460760,
-13.036348,-1427.074369,-1414.038021,
-13.035525,-1426.007612,-1412.972087,
-13.035525,-1426.007612,-1412.972087,
-13.035525,-1426.007612,-1412.972087,
-13.035525,-1426.007612,-1412.972087,
-13.037299,-1426.275122,-1413.237823,
-13.037299,-1426.275122,-1413.237823,
-13.037299,-1426.275122,-1413.237823,
-13.037299,-1426.275122,-1413.237823,
-13.036599,-1426.210949,-1413.174350,
-13.036599,-1426.210949,-1413.174350,
-13.036599,-1426.210949,-1413.174350,
-13.036599,-1426.210949,-1413.174350,
-13.035902,-1427.280040,-1414.244138,
-13.035902,-1427.280040,-1414.244138,
-13.035902,-1427.280040,-1414.244138,
-13.036725,-1426.762459,-1413.725735,
-13.037582,-1426.240527,-1413.202945,
-13.037582,-1426.240527,-1413.202945,
-13.039422,-1427.380272,-1414.340850,
-13.039312,-1427.403810,-1414.364497,
-13.038574,-1427.772342,-1414.733768,
-13.037205,-1428.815176,-1415.777971,
-13.037036,-1425.286304,-1412.249268,
-13.037036,-1425.286304,-1412.249268,
-13.037036,-1425.286304,-1412.249268,
-13.037036,-1425.286304,-1412.249268,
-13.037036,-1425.286304,-1412.249268,
-13.037036,-1425.286304,-1412.249268,
-13.037036,-1425.286304,-1412.249268,
-13.037036,-1425.286304,-1412.249268,
-13.037036,-1425.286304,-1412.249268,
-13.037036,-1425.286304,-1412.249268,
-13.037036,-1425.286304,-1412.249268,
-13.037036,-1425.286304,-1412.249268,
-13.037036,-1425.286304,-1412.249268,
-13.037036,-1425.286304,-1412.249268,
-13.037582,-1425.102019,-1412.064436,
-13.037582,-1425.102019,-1412.064436,
-13.037940,-1425.659461,-1412.621521,
-13.037940,-1425.659461,-1412.621521,
-13.037940,-1425.659461,-1412.621521,
-13.037940,-1425.659461,-1412.621521,
-13.037940,-1425.659461,-1412.621521,
-13.037940,-1425.659461,-1412.621521,
-13.036691,-1425.914933,-1412.878242,
-13.036691,-1425.914933,-1412.878242,
-13.038171,-1426.086996,-1413.048826,
-13.035565,-1425.982664,-1412.947099,
-13.035565,-1425.982664,-1412.947099,
-13.036567,-1426.122424,-1413.085857,
-13.036438,-1425.998429,-1412.961991,
-13.035631,-1425.799465,-1412.763833,
-13.035631,-1425.799465,-1412.763833,
-13.035631,-1425.799465,-1412.763833,
-13.035631,-1425.799465,-1412.763833,
-13.035631,-1425.799465,-1412.763833,
-13.035631,-1425.799465,-1412.763833,
-13.036331,-1425.248268,-1412.211937,
-13.036331,-1425.248268,-1412.211937,
-13.036331,-1425.248268,-1412.211937,
-13.036331,-1425.248268,-1412.211937,
-13.036331,-1425.248268,-1412.211937,
-13.036331,-1425.248268,-1412.211937,
-13.036331,-1425.248268,-1412.211937,
-13.036331,-1425.248268,-1412.211937,
-13.037958,-1425.660808,-1412.622850,
-13.037958,-1425.660808,-1412.622850,
-13.037958,-1425.660808,-1412.622850,
-13.037958,-1425.660808,-1412.622850,
-13.037497,-1425.760564,-1412.723068,
-13.037497,-1425.760564,-1412.723068,
-13.037497,-1425.760564,-1412.723068,
-13.037497,-1425.760564,-1412.723068,
-13.035408,-1427.500386,-1414.464978,
-13.035408,-1427.500386,-1414.464978,
-13.035408,-1427.500386,-1414.464978,
-13.035408,-1427.500386,-1414.464978,
-13.033851,-1427.144788,-1414.110937,
-13.033851,-1427.144788,-1414.110937,
-13.033851,-1427.144788,-1414.110937,
-13.033851,-1427.144788,-1414.110937,
-13.035835,-1427.009868,-1413.974033,
-13.035835,-1427.009868,-1413.974033,
-13.035835,-1427.009868,-1413.974033,
-13.039939,-1426.811147,-1413.771209,
-13.039939,-1426.811147,-1413.771209,
-13.039939,-1426.811147,-1413.771209,
-13.039939,-1426.811147,-1413.771209,
-13.037033,-1426.437590,-1413.400557,
-13.037033,-1426.437590,-1413.400557,
-13.037229,-1426.862281,-1413.825052,
-13.037229,-1426.862281,-1413.825052,
-13.037229,-1426.862281,-1413.825052,
-13.037478,-1425.593721,-1412.556243,
-13.037151,-1426.526536,-1413.489385,
-13.037151,-1426.526536,-1413.489385,
-13.037151,-1426.526536,-1413.489385,
-13.037151,-1426.526536,-1413.489385,
-13.037151,-1426.526536,-1413.489385,
-13.037692,-1426.427669,-1413.389977,
-13.037692,-1426.427669,-1413.389977,
-13.038550,-1426.068899,-1413.030349,
-13.038550,-1426.068899,-1413.030349,
-13.038550,-1426.068899,-1413.030349,
-13.038317,-1427.139813,-1414.101496,
-13.037906,-1426.150917,-1413.113011,
-13.037906,-1426.150917,-1413.113011,
-13.037906,-1426.150917,-1413.113011,
-13.037906,-1426.150917,-1413.113011,
-13.038817,-1426.144521,-1413.105704,
-13.039968,-1427.222087,-1414.182119,
-13.037129,-1427.217594,-1414.180465,
-13.037129,-1427.217594,-1414.180465,
-13.034962,-1427.504753,-1414.469792,
-13.034962,-1427.504753,-1414.469792,
-13.033975,-1427.176699,-1414.142724,
-13.033975,-1427.176699,-1414.142724,
-13.033975,-1427.176699,-1414.142724,
-13.033975,-1427.176699,-1414.142724,
-13.033975,-1427.176699,-1414.142724,
-13.033975,-1427.176699,-1414.142724,
-13.033975,-1427.176699,-1414.142724,
-13.033975,-1427.176699,-1414.142724,
-13.035910,-1427.304476,-1414.268566,
-13.034807,-1429.496414,-1416.461607,
-13.033469,-1429.545245,-1416.511775,
-13.034757,-1429.178055,-1416.143298,
-13.034757,-1429.178055,-1416.143298,
-13.034757,-1429.178055,-1416.143298,
-13.034757,-1429.178055,-1416.143298,
-13.033861,-1429.081890,-1416.048029,
-13.033861,-1429.081890,-1416.048029,
-13.032702,-1428.791629,-1415.758927,
-13.033685,-1429.019735,-1415.986050,
-13.036151,-1430.102281,-1417.066130,
-13.036151,-1430.102281,-1417.066130,
-13.037589,-1432.147654,-1419.110065,
-13.037589,-1432.147654,-1419.110065,
-13.037589,-1432.147654,-1419.110065,
-13.037589,-1432.147654,-1419.110065,
-13.037589,-1432.147654,-1419.110065,
-13.037589,-1432.147654,-1419.110065,
-13.037589,-1432.147654,-1419.110065,
-13.037589,-1432.147654,-1419.110065,
-13.036605,-1430.314244,-1417.277640,
-13.036605,-1430.314244,-1417.277640,
-13.036605,-1430.314244,-1417.277640,
-13.038395,-1429.955481,-1416.917086,
-13.038395,-1429.955481,-1416.917086,
-13.039451,-1429.798176,-1416.758725,
-13.038838,-1428.007743,-1414.968905,
-13.038838,-1428.007743,-1414.968905,
-13.039174,-1427.359341,-1414.320168,
-13.040624,-1427.392408,-1414.351784,
-13.040624,-1427.392408,-1414.351784,
-13.040624,-1427.392408,-1414.351784,
-13.040624,-1427.392408,-1414.351784,
-13.040624,-1427.392408,-1414.351784,
-13.040624,-1427.392408,-1414.351784,
-13.039279,-1426.733260,-1413.693981,
-13.039279,-1426.733260,-1413.693981,
-13.039279,-1426.733260,-1413.693981,
-13.039279,-1426.733260,-1413.693981,
-13.035648,-1426.237634,-1413.201987,
-13.039176,-1427.353337,-1414.314161,
-13.039176,-1427.353337,-1414.314161,
-13.039176,-1427.353337,-1414.314161,
-13.037045,-1426.735003,-1413.697958,
-13.037045,-1426.735003,-1413.697958,
-13.039030,-1426.180850,-1413.141819,
-13.039030,-1426.180850,-1413.141819,
-13.039030,-1426.180850,-1413.141819,
-13.039030,-1426.180850,-1413.141819,
-13.038951,-1426.274399,-1413.235448,
-13.038951,-1426.274399,-1413.235448,
-13.038951,-1426.274399,-1413.235448,
-13.038951,-1426.274399,-1413.235448,
-13.038951,-1426.274399,-1413.235448,
-13.038951,-1426.274399,-1413.235448,
-13.038951,-1426.274399,-1413.235448,
-13.038951,-1426.274399,-1413.235448,
-13.038951,-1426.274399,-1413.235448,
-13.038951,-1426.274399,-1413.235448,
-13.038951,-1426.274399,-1413.235448,
-13.038002,-1426.856766,-1413.818763,
-13.036954,-1425.148411,-1412.111457,
-13.036954,-1425.148411,-1412.111457,
-13.036954,-1425.148411,-1412.111457,
-13.036954,-1425.148411,-1412.111457,
-13.036954,-1425.148411,-1412.111457,
-13.036954,-1425.148411,-1412.111457,
-13.036954,-1425.148411,-1412.111457,
-13.036954,-1425.148411,-1412.111457,
-13.036954,-1425.148411,-1412.111457,
-13.036954,-1425.148411,-1412.111457,
-13.036954,-1425.148411,-1412.111457,
-13.036766,-1426.989568,-1413.952802,
-13.036766,-1426.989568,-1413.952802,
-13.036766,-1426.989568,-1413.952802,
-13.036766,-1426.989568,-1413.952802,
-13.035788,-1425.802167,-1412.766380,
-13.035788,-1425.802167,-1412.766380,
-13.037583,-1425.324056,-1412.286473,
-13.037583,-1425.324056,-1412.286473,
-13.037583,-1425.324056,-1412.286473,
-13.037583,-1425.324056,-1412.286473,
-13.037583,-1425.324056,-1412.286473,
-13.038631,-1426.067938,-1413.029307,
-13.038631,-1426.067938,-1413.029307,
-13.038631,-1426.067938,-1413.029307,
-13.038631,-1426.067938,-1413.029307,
-13.038631,-1426.067938,-1413.029307,
-13.038631,-1426.067938,-1413.029307,
-13.038631,-1426.067938,-1413.029307,
-13.038592,-1425.966261,-1412.927669,
-13.038592,-1425.966261,-1412.927669,
-13.038416,-1426.925325,-1413.886909,
-13.037136,-1427.116659,-1414.079523,
-13.037136,-1427.116659,-1414.079523,
-13.037136,-1427.116659,-1414.079523,
-13.037136,-1427.116659,-1414.079523,
-13.037136,-1427.116659,-1414.079523,
-13.037136,-1427.116659,-1414.079523,
-13.037136,-1427.116659,-1414.079523,
-13.037136,-1427.116659,-1414.079523,
-13.037136,-1427.116659,-1414.079523,
-13.036243,-1426.616435,-1413.580192,
-13.036243,-1426.616435,-1413.580192,
-13.036243,-1426.616435,-1413.580192,
-13.036243,-1426.616435,-1413.580192,
-13.036243,-1426.616435,-1413.580192,
-13.036008,-1426.816507,-1413.780499,
-13.036008,-1426.816507,-1413.780499,
-13.036008,-1426.816507,-1413.780499,
-13.036008,-1426.816507,-1413.780499,
-13.036008,-1426.816507,-1413.780499,
-13.037206,-1426.981422,-1413.944216,
-13.037206,-1426.981422,-1413.944216,
-13.037206,-1426.981422,-1413.944216,
-13.037206,-1426.981422,-1413.944216,
-13.037206,-1426.981422,-1413.944216,
-13.037206,-1426.981422,-1413.944216,
-13.037206,-1426.981422,-1413.944216,
-13.037206,-1426.981422,-1413.944216,
-13.037206,-1426.981422,-1413.944216,
-13.037206,-1426.981422,-1413.944216,
-13.037206,-1426.981422,-1413.944216,
-13.037206,-1426.981422,-1413.944216,
-13.038371,-1426.086110,-1413.047739,
-13.038371,-1426.086110,-1413.047739,
-13.038371,-1426.086110,-1413.047739,
-13.038371,-1426.086110,-1413.047739,
-13.038371,-1426.086110,-1413.047739,
-13.038371,-1426.086110,-1413.047739,
-13.037516,-1426.499088,-1413.461572,
-13.037516,-1426.499088,-1413.461572,
-13.037516,-1426.499088,-1413.461572,
-13.036604,-1425.475246,-1412.438643,
-13.036604,-1425.475246,-1412.438643,
-13.036604,-1425.475246,-1412.438643,
-13.035701,-1426.087728,-1413.052027,
-13.035701,-1426.087728,-1413.052027,
-13.035701,-1426.087728,-1413.052027,
-13.036609,-1426.593333,-1413.556724,
-13.036609,-1426.593333,-1413.556724,
-13.035343,-1426.045256,-1413.009912,
-13.034299,-1427.308344,-1414.274045,
-13.034299,-1427.308344,-1414.274045,
-13.036303,-1426.125109,-1413.088807,
-13.036303,-1426.125109,-1413.088807,
-13.036303,-1426.125109,-1413.088807,
-13.036303,-1426.125109,-1413.088807,
-13.036303,-1426.125109,-1413.088807,
-13.036134,-1425.796753,-1412.760619,
-13.036134,-1425.796753,-1412.760619,
-13.036134,-1425.796753,-1412.760619,
-13.036134,-1425.796753,-1412.760619,
-13.036134,-1425.796753,-1412.760619,
-13.036134,-1425.796753,-1412.760619,
-13.036134,-1425.796753,-1412.760619,
-13.036134,-1425.796753,-1412.760619,
-13.036134,-1425.796753,-1412.760619,
-13.036134,-1425.796753,-1412.760619,
-13.036134,-1425.796753,-1412.760619,
-13.036134,-1425.796753,-1412.760619,
-13.038697,-1426.515339,-1413.476642,
-13.038697,-1426.515339,-1413.476642,
-13.038697,-1426.515339,-1413.476642,
-13.038697,-1426.515339,-1413.476642,
-13.038697,-1426.515339,-1413.476642,
-13.038697,-1426.515339,-1413.476642,
-13.038309,-1427.935213,-1414.896904,
-13.038309,-1427.935213,-1414.896904,
-13.038309,-1427.935213,-1414.896904,
-13.039074,-1428.256303,-1415.217229,
-13.039074,-1428.256303,-1415.217229,
-13.039641,-1426.801261,-1413.761619,
-13.042019,-1428.911906,-1415.869887,
-13.042019,-1428.911906,-1415.869887,
-13.042019,-1428.911906,-1415.869887,
-13.037291,-1427.751587,-1414.714297,
-13.037291,-1427.751587,-1414.714297,
-13.034893,-1427.815679,-1414.780786,
-13.036333,-1426.171565,-1413.135232,
-13.036333,-1426.171565,-1413.135232,
-13.036118,-1425.512134,-1412.476017,
-13.034612,-1427.125241,-1414.090629,
-13.034612,-1427.125241,-1414.090629,
-13.036329,-1426.154111,-1413.117782,
-13.036188,-1425.804184,-1412.767995,
-13.036188,-1425.804184,-1412.767995,
-13.036188,-1425.804184,-1412.767995,
-13.036188,-1425.804184,-1412.767995,
-13.036188,-1425.804184,-1412.767995,
-13.036188,-1425.804184,-1412.767995,
-13.036188,-1425.804184,-1412.767995,
-13.036188,-1425.804184,-1412.767995,
-13.036188,-1425.804184,-1412.767995,
-13.034660,-1427.910009,-1414.875349,
-13.034660,-1427.910009,-1414.875349,
-13.034660,-1427.910009,-1414.875349,
-13.034660,-1427.910009,-1414.875349,
-13.034660,-1427.910009,-1414.875349,
-13.039364,-1427.778934,-1414.739570,
-13.039364,-1427.778934,-1414.739570,
-13.038157,-1426.280689,-1413.242532,
-13.038157,-1426.280689,-1413.242532,
-13.038527,-1426.897043,-1413.858516,
-13.038527,-1426.897043,-1413.858516,
-13.037853,-1427.175732,-1414.137879,
-13.036839,-1425.784618,-1412.747779,
-13.036295,-1425.798985,-1412.762691,
-13.035132,-1425.890105,-1412.854974,
-13.035132,-1425.890105,-1412.854974,
-13.035132,-1425.890105,-1412.854974,
-13.035132,-1425.890105,-1412.854974,
-13.036197,-1425.678435,-1412.642238,
-13.035908,-1426.238863,-1413.202955,
-13.035908,-1426.238863,-1413.202955,
-13.035908,-1426.238863,-1413.202955,
-13.035908,-1426.238863,-1413.202955,
-13.035908,-1426.238863,-1413.202955,
-13.035908,-1426.238863,-1413.202955,
-13.035908,-1426.238863,-1413.202955,
-13.035908,-1426.238863,-1413.202955,
-13.035908,-1426.238863,-1413.202955,
-13.034999,-1426.320435,-1413.285436,
-13.034999,-1426.320435,-1413.285436,
-13.034999,-1426.320435,-1413.285436,
-13.034999,-1426.320435,-1413.285436,
-13.034999,-1426.320435,-1413.285436,
-13.036054,-1426.306903,-1413.270849,
-13.034799,-1426.874503,-1413.839704,
-13.034799,-1426.874503,-1413.839704,
-13.034799,-1426.874503,-1413.839704,
-13.034799,-1426.874503,-1413.839704,
-13.035458,-1426.525007,-1413.489548,
-13.035458,-1426.525007,-1413.489548,
-13.037251,-1425.640140,-1412.602889,
-13.037251,-1425.640140,-1412.602889,
-13.038794,-1427.807093,-1414.768299,
-13.038713,-1428.209981,-1415.171268,
-13.038713,-1428.209981,-1415.171268,
-13.038713,-1428.209981,-1415.171268,
-13.038713,-1428.209981,-1415.171268,
-13.038713,-1428.209981,-1415.171268,
-13.038779,-1426.828015,-1413.789237,
-13.038779,-1426.828015,-1413.789237,
-13.038779,-1426.828015,-1413.789237,
-13.038779,-1426.828015,-1413.789237,
-13.039058,-1426.058052,-1413.018994,
-13.039058,-1426.058052,-1413.018994,
-13.039058,-1426.058052,-1413.018994,
-13.038191,-1425.891928,-1412.853737,
-13.038059,-1425.673543,-1412.635484,
-13.038059,-1425.673543,-1412.635484,
-13.038059,-1425.673543,-1412.635484,
-13.038059,-1425.673543,-1412.635484,
-13.038059,-1425.673543,-1412.635484,
-13.038059,-1425.673543,-1412.635484,
-13.037607,-1425.759025,-1412.721418,
-13.037607,-1425.759025,-1412.721418,
-13.037607,-1425.759025,-1412.721418,
-13.037607,-1425.759025,-1412.721418,
-13.037607,-1425.759025,-1412.721418,
-13.037607,-1425.759025,-1412.721418,
-13.037607,-1425.759025,-1412.721418,
-13.037607,-1425.759025,-1412.721418,
-13.037607,-1425.759025,-1412.721418,
-13.035924,-1427.706843,-1414.670919,
-13.035924,-1427.706843,-1414.670919,
-13.036893,-1426.959394,-1413.922501,
-13.036893,-1426.959394,-1413.922501,
-13.036893,-1426.959394,-1413.922501,
-13.036893,-1426.959394,-1413.922501,
-13.037736,-1426.995739,-1413.958003,
-13.037736,-1426.995739,-1413.958003,
-13.037736,-1426.995739,-1413.958003,
-13.037736,-1426.995739,-1413.958003,
-13.037736,-1426.995739,-1413.958003,
-13.037736,-1426.995739,-1413.958003,
-13.037736,-1426.995739,-1413.958003,
-13.037736,-1426.995739,-1413.958003,
-13.037736,-1426.995739,-1413.958003,
-13.037736,-1426.995739,-1413.958003,
-13.037736,-1426.995739,-1413.958003,
-13.037736,-1426.995739,-1413.958003,
-13.037736,-1426.995739,-1413.958003,
-13.037736,-1426.995739,-1413.958003,
-13.037736,-1426.995739,-1413.958003,
-13.037736,-1426.995739,-1413.958003,
-13.037736,-1426.995739,-1413.958003,
-13.037736,-1426.995739,-1413.958003,
-13.037736,-1426.995739,-1413.958003,
-13.037736,-1426.995739,-1413.958003,
-13.037736,-1426.995739,-1413.958003,
-13.037736,-1426.995739,-1413.958003,
-13.037736,-1426.995739,-1413.958003,
-13.037736,-1426.995739,-1413.958003,
-13.037736,-1426.995739,-1413.958003,
-13.037736,-1426.995739,-1413.958003,
-13.037736,-1426.995739,-1413.958003,
-13.037736,-1426.995739,-1413.958003,
-13.040861,-1427.805108,-1414.764246,
-13.040197,-1427.268184,-1414.227987,
-13.040197,-1427.268184,-1414.227987,
-13.040197,-1427.268184,-1414.227987,
-13.037369,-1426.372374,-1413.335005,
-13.037369,-1426.372374,-1413.335005,
-13.037369,-1426.372374,-1413.335005,
-13.037369,-1426.372374,-1413.335005,
-13.038874,-1426.761282,-1413.722408,
-13.038874,-1426.761282,-1413.722408,
-13.038874,-1426.761282,-1413.722408,
-13.038874,-1426.761282,-1413.722408,
-13.039649,-1426.292165,-1413.252517,
-13.039749,-1427.155377,-1414.115628,
-13.039749,-1427.155377,-1414.115628,
-13.039749,-1427.155377,-1414.115628,
-13.037737,-1428.409883,-1415.372146,
-13.037737,-1428.409883,-1415.372146,
-13.037737,-1428.409883,-1415.372146,
-13.037737,-1428.409883,-1415.372146,
-13.038972,-1428.363431,-1415.324459,
-13.037474,-1425.951241,-1412.913767,
-13.037474,-1425.951241,-1412.913767,
-13.037474,-1425.951241,-1412.913767,
-13.037474,-1425.951241,-1412.913767,
-13.037474,-1425.951241,-1412.913767,
-13.037474,-1425.951241,-1412.913767,
-13.037474,-1425.951241,-1412.913767,
-13.037649,-1425.211976,-1412.174327,
-13.036851,-1425.883189,-1412.846338,
-13.036851,-1425.883189,-1412.846338,
