-13.827830,-26895.679534,-26881.851704,
-13.827830,-26895.679534,-26881.851704,
-13.827830,-26895.679534,-26881.851704,
-13.827830,-26895.679534,-26881.851704,
-13.827830,-26895.679534,-26881.851704,
-13.827830,-26895.679534,-26881.851704,
-13.827830,-26895.679534,-26881.851704,
-13.827830,-26895.679534,-26881.851704,
-13.827830,-26895.679534,-26881.851704,
-13.827830,-26895.679534,-26881.851704,
-13.827830,-26895.679534,-26881.851704,
-13.827830,-26895.679534,-26881.851704,
-13.633474,-24541.873610,-24528.240136,
-13.633474,-24541.873610,-24528.240136,
-13.633474,-24541.873610,-24528.240136,
-14.389722,-23446.800782,-23432.411061,
-14.389722,-23446.800782,-23432.411061,
-14.389722,-23446.800782,-23432.411061,
-14.389722,-23446.800782,-23432.411061,
-14.389722,-23446.800782,-23432.411061,
-13.379312,-22232.024403,-22218.645091,
-13.379312,-22232.024403,-22218.645091,
-13.379312,-22232.024403,-22218.645091,
-13.379312,-22232.024403,-22218.645091,
-13.379312,-22232.024403,-22218.645091,
-18.304125,-20855.925103,-20837.620978,
-18.304125,-20855.925103,-20837.620978,
-18.304125,-20855.925103,-20837.620978,
-13.082289,-16732.724440,-16719.642151,
-13.082289,-16732.724440,-16719.642151,
-13.082289,-16732.724440,-16719.642151,
-13.082289,-16732.724440,-16719.642151,
-13.082289,-16732.724440,-16719.642151,
-13.082289,-16732.724440,-16719.642151,
-13.082289,-16732.724440,-16719.642151,
-13.073726,-11647.868940,-11634.795214,
-13.073726,-11647.868940,-11634.795214,
-13.073726,-11647.868940,-11634.795214,
-13.073726,-11647.868940,-11634.795214,
-13.073726,-11647.868940,-11634.795214,
-13.106406,-11567.252950,-11554.146544,
-13.106406,-11567.252950,-11554.146544,
-13.106406,-11567.252950,-11554.146544,
-13.106406,-11567.252950,-11554.146544,
-13.106406,-11567.252950,-11554.146544,
-13.106406,-11567.252950,-11554.146544,
-13.113444,-10862.367555,-10849.254111,
-13.113444,-10862.367555,-10849.254111,
-13.113444,-10862.367555,-10849.254111,
-13.113444,-10862.367555,-10849.254111,
-13.113444,-10862.367555,-10849.254111,
-13.111917,-9129.964286,-9116.852370,
-13.111917,-9129.964286,-9116.852370,
-13.111917,-9129.964286,-9116.852370,
-13.084955,-7527.182936,-7514.097980,
-13.082949,-7372.617055,-7359.534106,
-13.082949,-7372.617055,-7359.534106,
-12.977727,-6027.473389,-6014.495662,
-12.962671,-5868.332013,-5855.369342,
-12.962671,-5868.332013,-5855.369342,
-12.962671,-5868.332013,-5855.369342,
-12.976326,-5835.072964,-5822.096639,
-12.976326,-5835.072964,-5822.096639,
-13.003989,-5497.838686,-5484.834697,
-12.986749,-5013.847851,-5000.861103,
-12.997162,-4962.801795,-4949.804634,
-12.978598,-4062.133735,-4049.155136,
-12.978598,-4062.133735,-4049.155136,
-12.986572,-3931.841640,-3918.855067,
-12.984035,-3904.040418,-3891.056383,
-12.984035,-3904.040418,-3891.056383,
-13.017150,-3678.601388,-3665.584238,
-12.992763,-3456.970376,-3443.977613,
-12.992763,-3456.970376,-3443.977613,
-12.995576,-3286.854611,-3273.859035,
-12.999651,-3262.926742,-3249.927092,
-12.999651,-3262.926742,-3249.927092,
-13.004327,-3142.647607,-3129.643280,
-13.005181,-2958.980859,-2945.975678,
-13.005181,-2958.980859,-2945.975678,
-13.005181,-2958.980859,-2945.975678,
-13.005181,-2958.980859,-2945.975678,
-12.994625,-2888.560911,-2875.566286,
-13.008573,-2741.849548,-2728.840975,
-13.008573,-2741.849548,-2728.840975,
-13.013951,-2686.445661,-2673.431710,
-13.004756,-2565.796950,-2552.792194,
-13.002106,-2544.712667,-2531.710560,
-12.995992,-2453.135926,-2440.139934,
-12.997867,-2336.258237,-2323.260370,
-12.997867,-2336.258237,-2323.260370,
-12.997015,-2271.564131,-2258.567116,
-12.998735,-2217.199134,-2204.200399,
-13.004588,-2095.923433,-2082.918845,
-12.996234,-2010.656747,-1997.660513,
-13.000282,-1961.587696,-1948.587414,
-13.004768,-1872.264850,-1859.260083,
-13.004768,-1872.264850,-1859.260083,
-13.007122,-1780.513726,-1767.506604,
-13.014716,-1748.369092,-1735.354376,
-13.021413,-1718.905028,-1705.883614,
-13.021413,-1718.905028,-1705.883614,
-13.021413,-1718.905028,-1705.883614,
-13.021413,-1718.905028,-1705.883614,
-13.021413,-1718.905028,-1705.883614,
-13.021413,-1718.905028,-1705.883614,
-13.021413,-1718.905028,-1705.883614,
-13.029677,-1612.208349,-1599.178671,
-13.029677,-1612.208349,-1599.178671,
-13.039316,-1552.655650,-1539.616334,
-13.032103,-1552.258060,-1539.225957,
-13.035394,-1550.568561,-1537.533167,
-13.035394,-1550.568561,-1537.533167,
-13.035394,-1550.568561,-1537.533167,
-13.035394,-1550.568561,-1537.533167,
-13.038752,-1538.114946,-1525.076194,
-13.038752,-1538.114946,-1525.076194,
-13.038752,-1538.114946,-1525.076194,
-13.038752,-1538.114946,-1525.076194,
-13.034606,-1521.131171,-1508.096565,
-13.034606,-1521.131171,-1508.096565,
-13.034606,-1521.131171,-1508.096565,
-13.022526,-1502.385484,-1489.362958,
-13.022526,-1502.385484,-1489.362958,
-13.022526,-1502.385484,-1489.362958,
-13.022526,-1502.385484,-1489.362958,
-13.022526,-1502.385484,-1489.362958,
-13.022526,-1502.385484,-1489.362958,
-13.022526,-1502.385484,-1489.362958,
-13.022526,-1502.385484,-1489.362958,
-13.022526,-1502.385484,-1489.362958,
-13.027572,-1487.345503,-1474.317931,
-13.027572,-1487.345503,-1474.317931,
-13.027572,-1487.345503,-1474.317931,
-13.027572,-1487.345503,-1474.317931,
-13.027572,-1487.345503,-1474.317931,
-13.027572,-1487.345503,-1474.317931,
-13.027572,-1487.345503,-1474.317931,
-13.027572,-1487.345503,-1474.317931,
-13.027572,-1487.345503,-1474.317931,
-13.027572,-1487.345503,-1474.317931,
-13.027572,-1487.345503,-1474.317931,
-13.027572,-1487.345503,-1474.317931,
-13.030217,-1476.249107,-1463.218889,
-13.030650,-1457.607818,-1444.577168,
-13.030864,-1452.154833,-1439.123969,
-13.030864,-1452.154833,-1439.123969,
-13.033058,-1439.757574,-1426.724516,
-13.033281,-1439.466887,-1426.433606,
-13.033281,-1439.466887,-1426.433606,
-13.034832,-1432.454022,-1419.419190,
-13.034832,-1432.454022,-1419.419190,
-13.034832,-1432.454022,-1419.419190,
-13.033780,-1429.757388,-1416.723608,
-13.033780,-1429.757388,-1416.723608,
-13.035197,-1427.431471,-1414.396274,
-13.035197,-1427.431471,-1414.396274,
-13.036694,-1426.641624,-1413.604930,
-13.036694,-1426.641624,-1413.604930,
-13.036694,-1426.641624,-1413.604930,
-13.036694,-1426.641624,-1413.604930,
-13.036694,-1426.641624,-1413.604930,
-13.033155,-1431.260778,-1418.227623,
-13.033155,-1431.260778,-1418.227623,
-13.033155,-1431.260778,-1418.227623,
-13.033155,-1431.260778,-1418.227623,
-13.033298,-1429.788329,-1416.755030,
-13.035537,-1426.315366,-1413.279829,
-13.035537,-1426.315366,-1413.279829,
-13.037294,-1425.513326,-1412.476032,
-13.037294,-1425.513326,-1412.476032,
-13.038030,-1425.579383,-1412.541353,
-13.038030,-1425.579383,-1412.541353,
-13.036747,-1427.230656,-1414.193908,
-13.036747,-1427.230656,-1414.193908,
-13.036747,-1427.230656,-1414.193908,
-13.036747,-1427.230656,-1414.193908,
-13.036747,-1427.230656,-1414.193908,
-13.035369,-1426.884563,-1413.849194,
-13.035369,-1426.884563,-1413.849194,
-13.037912,-1425.136876,-1412.098964,
-13.041105,-1428.344443,-1415.303338,
-13.036540,-1426.471727,-1413.435188,
-13.036540,-1426.471727,-1413.435188,
-13.033447,-1428.380967,-1415.347521,
-13.033981,-1427.913394,-1414.879413,
-13.033966,-1428.269957,-1415.235992,
-13.033966,-1428.269957,-1415.235992,
-13.033966,-1428.269957,-1415.235992,
-13.033966,-1428.269957,-1415.235992,
-13.033966,-1428.269957,-1415.235992,
-13.033966,-1428.269957,-1415.235992,
-13.034343,-1426.576209,-1413.541867,
-13.034046,-1427.594824,-1414.560778,
-13.034038,-1428.212564,-1415.178526,
-13.034038,-1428.212564,-1415.178526,
-13.034038,-1428.212564,-1415.178526,
-13.034038,-1428.212564,-1415.178526,
-13.034038,-1428.212564,-1415.178526,
-13.034038,-1428.212564,-1415.178526,
-13.033955,-1429.516136,-1416.482181,
-13.033955,-1429.516136,-1416.482181,
-13.033955,-1429.516136,-1416.482181,
-13.033248,-1428.276519,-1415.243270,
-13.033248,-1428.276519,-1415.243270,
-13.033248,-1428.276519,-1415.243270,
-13.033248,-1428.276519,-1415.243270,
-13.033248,-1428.276519,-1415.243270,
-13.033248,-1428.276519,-1415.243270,
-13.035195,-1426.105762,-1413.070568,
-13.035195,-1426.105762,-1413.070568,
-13.035195,-1426.105762,-1413.070568,
-13.039080,-1427.180718,-1414.141638,
-13.039759,-1428.098478,-1415.058719,
-13.038561,-1428.728742,-1415.690181,
-13.038561,-1428.728742,-1415.690181,
-13.038561,-1428.728742,-1415.690181,
-13.038561,-1428.728742,-1415.690181,
-13.041221,-1429.081173,-1416.039952,
-13.041221,-1429.081173,-1416.039952,
-13.041221,-1429.081173,-1416.039952,
-13.041221,-1429.081173,-1416.039952,
-13.041221,-1429.081173,-1416.039952,
-13.040233,-1427.717533,-1414.677300,
-13.040233,-1427.717533,-1414.677300,
-13.040233,-1427.717533,-1414.677300,
-13.039816,-1425.950830,-1412.911014,
-13.039816,-1425.950830,-1412.911014,
-13.038297,-1425.342132,-1412.303835,
-13.036385,-1425.558798,-1412.522413,
-13.036385,-1425.558798,-1412.522413,
-13.035050,-1428.646586,-1415.611536,
-13.036560,-1427.976589,-1414.940029,
-13.036560,-1427.976589,-1414.940029,
-13.036560,-1427.976589,-1414.940029,
-13.037168,-1426.491079,-1413.453912,
-13.037168,-1426.491079,-1413.453912,
-13.037168,-1426.491079,-1413.453912,
-13.037168,-1426.491079,-1413.453912,
-13.037168,-1426.491079,-1413.453912,
-13.037168,-1426.491079,-1413.453912,
-13.037168,-1426.491079,-1413.453912,
-13.037168,-1426.491079,-1413.453912,
-13.037730,-1426.831978,-1413.794248,
-13.037730,-1426.831978,-1413.794248,
-13.037756,-1425.714463,-1412.676707,
-13.037165,-1425.763794,-1412.726629,
-13.037165,-1425.763794,-1412.726629,
-13.037165,-1425.763794,-1412.726629,
-13.037165,-1425.763794,-1412.726629,
-13.037165,-1425.763794,-1412.726629,
-13.037165,-1425.763794,-1412.726629,
-13.037165,-1425.763794,-1412.726629,
-13.037165,-1425.763794,-1412.726629,
-13.038357,-1426.235317,-1413.196960,
-13.035112,-1426.227621,-1413.192509,
-13.037600,-1425.823753,-1412.786153,
-13.037600,-1425.823753,-1412.786153,
-13.037236,-1426.269964,-1413.232728,
-13.037236,-1426.269964,-1413.232728,
-13.037236,-1426.269964,-1413.232728,
-13.037236,-1426.269964,-1413.232728,
-13.037236,-1426.269964,-1413.232728,
-13.037236,-1426.269964,-1413.232728,
-13.037236,-1426.269964,-1413.232728,
-13.037236,-1426.269964,-1413.232728,
-13.036070,-1426.364491,-1413.328421,
-13.036070,-1426.364491,-1413.328421,
-13.036070,-1426.364491,-1413.328421,
-13.036076,-1425.769726,-1412.733650,
-13.036076,-1425.769726,-1412.733650,
-13.036076,-1425.769726,-1412.733650,
-13.036076,-1425.769726,-1412.733650,
-13.036076,-1425.769726,-1412.733650,
-13.036076,-1425.769726,-1412.733650,
-13.036076,-1425.769726,-1412.733650,
-13.035287,-1425.921497,-1412.886210,
-13.035287,-1425.921497,-1412.886210,
-13.036654,-1425.721309,-1412.684655,
-13.036654,-1425.721309,-1412.684655,
-13.036654,-1425.721309,-1412.684655,
-13.036654,-1425.721309,-1412.684655,
-13.036654,-1425.721309,-1412.684655,
-13.036654,-1425.721309,-1412.684655,
-13.036654,-1425.721309,-1412.684655,
-13.036654,-1425.721309,-1412.684655,
-13.035820,-1428.524655,-1415.488835,
-13.035820,-1428.524655,-1415.488835,
-13.035820,-1428.524655,-1415.488835,
-13.035820,-1428.524655,-1415.488835,
-13.035820,-1428.524655,-1415.488835,
-13.035820,-1428.524655,-1415.488835,
-13.035820,-1428.524655,-1415.488835,
-13.035820,-1428.524655,-1415.488835,
-13.035820,-1428.524655,-1415.488835,
-13.035820,-1428.524655,-1415.488835,
-13.035038,-1427.883332,-1414.848294,
-13.035038,-1427.883332,-1414.848294,
-13.035038,-1427.883332,-1414.848294,
-13.035038,-1427.883332,-1414.848294,
-13.033915,-1428.259311,-1415.225396,
-13.033915,-1428.259311,-1415.225396,
-13.033915,-1428.259311,-1415.225396,
-13.033915,-1428.259311,-1415.225396,
-13.033895,-1428.495406,-1415.461511,
-13.036365,-1426.123842,-1413.087477,
-13.036365,-1426.123842,-1413.087477,
-13.036365,-1426.123842,-1413.087477,
-13.036365,-1426.123842,-1413.087477,
-13.036365,-1426.123842,-1413.087477,
-13.036365,-1426.123842,-1413.087477,
-13.036365,-1426.123842,-1413.087477,
-13.036865,-1428.547646,-1415.510780,
-13.036865,-1428.547646,-1415.510780,
-13.036865,-1428.547646,-1415.510780,
-13.036865,-1428.547646,-1415.510780,
-13.037406,-1428.731820,-1415.694414,
-13.037406,-1428.731820,-1415.694414,
-13.037406,-1428.731820,-1415.694414,
-13.037406,-1428.731820,-1415.694414,
-13.035862,-1428.197608,-1415.161746,
-13.035862,-1428.197608,-1415.161746,
-13.037289,-1425.029584,-1411.992295,
-13.037289,-1425.029584,-1411.992295,
-13.037289,-1425.029584,-1411.992295,
-13.037289,-1425.029584,-1411.992295,
-13.037289,-1425.029584,-1411.992295,
-13.037289,-1425.029584,-1411.992295,
-13.037289,-1425.029584,-1411.992295,
-13.037289,-1425.029584,-1411.992295,
-13.037289,-1425.029584,-1411.992295,
-13.037289,-1425.029584,-1411.992295,
-13.037289,-1425.029584,-1411.992295,
-13.037289,-1425.029584,-1411.992295,
-13.036532,-1425.286752,-1412.250220,
-13.036935,-1425.758906,-1412.721971,
-13.036935,-1425.758906,-1412.721971,
-13.036864,-1425.367039,-1412.330175,
-13.036864,-1425.367039,-1412.330175,
-13.036864,-1425.367039,-1412.330175,
-13.036864,-1425.367039,-1412.330175,
-13.037071,-1426.004588,-1412.967517,
-13.037071,-1426.004588,-1412.967517,
-13.037071,-1426.004588,-1412.967517,
-13.037071,-1426.004588,-1412.967517,
-13.037071,-1426.004588,-1412.967517,
-13.037071,-1426.004588,-1412.967517,
-13.037071,-1426.004588,-1412.967517,
-13.037071,-1426.004588,-1412.967517,
-13.037551,-1425.477726,-1412.440176,
-13.037551,-1425.477726,-1412.440176,
-13.037551,-1425.477726,-1412.440176,
-13.037551,-1425.477726,-1412.440176,
-13.037551,-1425.477726,-1412.440176,
-13.037551,-1425.477726,-1412.440176,
-13.037551,-1425.477726,-1412.440176,
-13.037551,-1425.477726,-1412.440176,
-13.037551,-1425.477726,-1412.440176,
-13.037551,-1425.477726,-1412.440176,
-13.037551,-1425.477726,-1412.440176,
-13.037551,-1425.477726,-1412.440176,
-13.037551,-1425.477726,-1412.440176,
-13.037551,-1425.477726,-1412.440176,
-13.037551,-1425.477726,-1412.440176,
-13.037551,-1425.477726,-1412.440176,
-13.037551,-1425.477726,-1412.440176,
-13.037551,-1425.477726,-1412.440176,
-13.038002,-1425.190153,-1412.152151,
-13.038002,-1425.190153,-1412.152151,
-13.038002,-1425.190153,-1412.152151,
-13.037497,-1425.284468,-1412.246971,
-13.037497,-1425.284468,-1412.246971,
-13.036561,-1425.494475,-1412.457914,
-13.036561,-1425.494475,-1412.457914,
-13.036426,-1426.359032,-1413.322606,
-13.034894,-1426.359232,-1413.324338,
-13.034894,-1426.359232,-1413.324338,
-13.034894,-1426.359232,-1413.324338,
-13.034894,-1426.359232,-1413.324338,
-13.034894,-1426.359232,-1413.324338,
-13.034894,-1426.359232,-1413.324338,
-13.034894,-1426.359232,-1413.324338,
-13.037458,-1426.905234,-1413.867775,
-13.036184,-1426.785214,-1413.749029,
-13.036184,-1426.785214,-1413.749029,
-13.036184,-1426.785214,-1413.749029,
-13.036184,-1426.785214,-1413.749029,
-13.036184,-1426.785214,-1413.749029,
-13.036184,-1426.785214,-1413.749029,
-13.036184,-1426.785214,-1413.749029,
-13.036184,-1426.785214,-1413.749029,
-13.036184,-1426.785214,-1413.749029,
-13.036184,-1426.785214,-1413.749029,
-13.036184,-1426.785214,-1413.749029,
-13.036184,-1426.785214,-1413.749029,
-13.036184,-1426.785214,-1413.749029,
-13.036184,-1426.785214,-1413.749029,
-13.036184,-1426.785214,-1413.749029,
-13.036184,-1426.785214,-1413.749029,
-13.035729,-1425.773894,-1412.738165,
-13.036555,-1426.245347,-1413.208792,
-13.036555,-1426.245347,-1413.208792,
-13.036555,-1426.245347,-1413.208792,
-13.036555,-1426.245347,-1413.208792,
-13.036555,-1426.245347,-1413.208792,
-13.036555,-1426.245347,-1413.208792,
-13.036555,-1426.245347,-1413.208792,
-13.036555,-1426.245347,-1413.208792,
-13.036798,-1425.753967,-1412.717169,
-13.038195,-1425.484111,-1412.445916,
-13.038195,-1425.484111,-1412.445916,
-13.038195,-1425.484111,-1412.445916,
-13.038195,-1425.484111,-1412.445916,
-13.037373,-1426.425667,-1413.388293,
-13.037373,-1426.425667,-1413.388293,
-13.037373,-1426.425667,-1413.388293,
-13.037373,-1426.425667,-1413.388293,
-13.037892,-1426.209665,-1413.171773,
-13.036934,-1426.477135,-1413.440201,
-13.034129,-1427.555544,-1414.521416,
-13.034129,-1427.555544,-1414.521416,
-13.035216,-1427.325367,-1414.290151,
-13.035216,-1427.325367,-1414.290151,
-13.035216,-1427.325367,-1414.290151,
-13.035303,-1427.125724,-1414.090421,
-13.035303,-1427.125724,-1414.090421,
-13.035303,-1427.125724,-1414.090421,
-13.035303,-1427.125724,-1414.090421,
-13.035303,-1427.125724,-1414.090421,
-13.035303,-1427.125724,-1414.090421,
-13.035303,-1427.125724,-1414.090421,
-13.035303,-1427.125724,-1414.090421,
-13.035303,-1427.125724,-1414.090421,
-13.035303,-1427.125724,-1414.090421,
-13.035303,-1427.125724,-1414.090421,
-13.035303,-1427.125724,-1414.090421,
-13.035303,-1427.125724,-1414.090421,
-13.035303,-1427.125724,-1414.090421,
-13.035303,-1427.125724,-1414.090421,
-13.034159,-1428.211259,-1415.177100,
-13.035658,-1427.711915,-1414.676257,
-13.035658,-1427.711915,-1414.676257,
-13.035658,-1427.711915,-1414.676257,
-13.038455,-1426.117371,-1413.078916,
-13.038455,-1426.117371,-1413.078916,
-13.038474,-1426.451147,-1413.412673,
-13.038474,-1426.451147,-1413.412673,
-13.035067,-1427.178385,-1414.143317,
-13.035067,-1427.178385,-1414.143317,
-13.035067,-1427.178385,-1414.143317,
-13.035067,-1427.178385,-1414.143317,
-13.035067,-1427.178385,-1414.143317,
-13.036731,-1428.419772,-1415.383041,
-13.040581,-1427.625110,-1414.584529,
-13.040581,-1427.625110,-1414.584529,
-13.038371,-1426.338206,-1413.299835,
-13.038371,-1426.338206,-1413.299835,
-13.038371,-1426.338206,-1413.299835,
-13.038371,-1426.338206,-1413.299835,
-13.038371,-1426.338206,-1413.299835,
-13.038371,-1426.338206,-1413.299835,
-13.038371,-1426.338206,-1413.299835,
-13.038371,-1426.338206,-1413.299835,
-13.038371,-1426.338206,-1413.299835,
-13.036602,-1425.582649,-1412.546048,
-13.036602,-1425.582649,-1412.546048,
-13.036602,-1425.582649,-1412.546048,
-13.036383,-1426.445219,-1413.408836,
-13.036383,-1426.445219,-1413.408836,
-13.036383,-1426.445219,-1413.408836,
-13.036383,-1426.445219,-1413.408836,
-13.036383,-1426.445219,-1413.408836,
-13.036280,-1426.841760,-1413.805480,
-13.036280,-1426.841760,-1413.805480,
-13.036280,-1426.841760,-1413.805480,
-13.036192,-1427.350791,-1414.314599,
-13.036192,-1427.350791,-1414.314599,
-13.036439,-1427.993272,-1414.956833,
-13.036439,-1427.993272,-1414.956833,
-13.036439,-1427.993272,-1414.956833,
-13.036439,-1427.993272,-1414.956833,
-13.036439,-1427.993272,-1414.956833,
-13.036439,-1427.993272,-1414.956833,
-13.036439,-1427.993272,-1414.956833,
-13.036439,-1427.993272,-1414.956833,
-13.036357,-1427.907901,-1414.871544,
-13.036532,-1426.090433,-1413.053901,
-13.039238,-1425.562771,-1412.523533,
-13.039238,-1425.562771,-1412.523533,
-13.039238,-1425.562771,-1412.523533,
-13.039238,-1425.562771,-1412.523533,
-13.039238,-1425.562771,-1412.523533,
-13.038491,-1425.493160,-1412.454669,
-13.038491,-1425.493160,-1412.454669,
-13.038414,-1425.296699,-1412.258286,
-13.038414,-1425.296699,-1412.258286,
-13.038414,-1425.296699,-1412.258286,
-13.038414,-1425.296699,-1412.258286,
-13.038414,-1425.296699,-1412.258286,
-13.038414,-1425.296699,-1412.258286,
-13.038414,-1425.296699,-1412.258286,
-13.038414,-1425.296699,-1412.258286,
-13.038414,-1425.296699,-1412.258286,
-13.038414,-1425.296699,-1412.258286,
-13.038414,-1425.296699,-1412.258286,
-13.038069,-1426.479194,-1413.441125,
-13.038069,-1426.479194,-1413.441125,
-13.038069,-1426.479194,-1413.441125,
-13.038069,-1426.479194,-1413.441125,
-13.038069,-1426.479194,-1413.441125,
-13.038069,-1426.479194,-1413.441125,
-13.038069,-1426.479194,-1413.441125,
-13.038069,-1426.479194,-1413.441125,
-13.038069,-1426.479194,-1413.441125,
-13.038069,-1426.479194,-1413.441125,
-13.038069,-1426.479194,-1413.441125,
-13.037851,-1428.196261,-1415.158410,
-13.037851,-1428.196261,-1415.158410,
-13.037851,-1428.196261,-1415.158410,
-13.037851,-1428.196261,-1415.158410,
-13.037851,-1428.196261,-1415.158410,
-13.037851,-1428.196261,-1415.158410,
-13.037851,-1428.196261,-1415.158410,
-13.037851,-1428.196261,-1415.158410,
-13.037851,-1428.196261,-1415.158410,
-13.037851,-1428.196261,-1415.158410,
-13.037851,-1428.196261,-1415.158410,
-13.037851,-1428.196261,-1415.158410,
-13.037851,-1428.196261,-1415.158410,
-13.037851,-1428.196261,-1415.158410,
-13.037851,-1428.196261,-1415.158410,
-13.037851,-1428.196261,-1415.158410,
-13.037851,-1428.196261,-1415.158410,
-13.034996,-1427.826159,-1414.791164,
-13.034996,-1427.826159,-1414.791164,
-13.034996,-1427.826159,-1414.791164,
-13.034996,-1427.826159,-1414.791164,
-13.034996,-1427.826159,-1414.791164,
-13.034996,-1427.826159,-1414.791164,
-13.034996,-1427.826159,-1414.791164,
-13.034996,-1427.826159,-1414.791164,
-13.034996,-1427.826159,-1414.791164,
-13.036737,-1426.227254,-1413.190517,
-13.035530,-1425.604722,-1412.569193,
-13.035530,-1425.604722,-1412.569193,
-13.035530,-1425.604722,-1412.569193,
-13.035530,-1425.604722,-1412.569193,
-13.035824,-1425.588317,-1412.552493,
-13.035028,-1426.258965,-1413.223937,
-13.035028,-1426.258965,-1413.223937,
-13.035294,-1426.266477,-1413.231183,
-13.035053,-1426.778232,-1413.743179,
-13.035053,-1426.778232,-1413.743179,
-13.037096,-1428.102863,-1415.065767,
-13.037096,-1428.102863,-1415.065767,
-13.037096,-1428.102863,-1415.065767,
-13.037096,-1428.102863,-1415.065767,
-13.037775,-1427.826279,-1414.788504,
-13.037775,-1427.826279,-1414.788504,
-13.037775,-1427.826279,-1414.788504,
-13.037775,-1427.826279,-1414.788504,
-13.037775,-1427.826279,-1414.788504,
-13.037775,-1427.826279,-1414.788504,
-13.037775,-1427.826279,-1414.788504,
-13.037775,-1427.826279,-1414.788504,
-13.037775,-1427.826279,-1414.788504,
-13.036297,-1426.710730,-1413.674432,
-13.036297,-1426.710730,-1413.674432,
-13.036297,-1426.710730,-1413.674432,
-13.035495,-1429.417392,-1416.381897,
-13.034533,-1429.074945,-1416.040413,
-13.035539,-1427.746736,-1414.711198,
-13.035539,-1427.746736,-1414.711198,
-13.035539,-1427.746736,-1414.711198,
-13.036349,-1427.541076,-1414.504728,
-13.035277,-1427.580762,-1414.545484,
-13.035630,-1429.604734,-1416.569105,
-13.035630,-1429.604734,-1416.569105,
-13.035630,-1429.604734,-1416.569105,
-13.035630,-1429.604734,-1416.569105,
-13.035630,-1429.604734,-1416.569105,
-13.035630,-1429.604734,-1416.569105,
-13.035630,-1429.604734,-1416.569105,
-13.036386,-1427.310074,-1414.273688,
-13.036386,-1427.310074,-1414.273688,
-13.035636,-1427.585526,-1414.549890,
-13.034728,-1428.152971,-1415.118242,
-13.036719,-1426.717218,-1413.680499,
-13.036719,-1426.717218,-1413.680499,
-13.036719,-1426.717218,-1413.680499,
-13.037076,-1427.735257,-1414.698182,
-13.037076,-1427.735257,-1414.698182,
-13.037076,-1427.735257,-1414.698182,
-13.037076,-1427.735257,-1414.698182,
-13.037076,-1427.735257,-1414.698182,
-13.037336,-1425.522089,-1412.484753,
-13.034821,-1426.363188,-1413.328367,
-13.034821,-1426.363188,-1413.328367,
-13.034821,-1426.363188,-1413.328367,
-13.033923,-1428.141453,-1415.107530,
-13.033923,-1428.141453,-1415.107530,
-13.035835,-1429.211502,-1416.175667,
-13.035835,-1429.211502,-1416.175667,
-13.035835,-1429.211502,-1416.175667,
-13.035835,-1429.211502,-1416.175667,
-13.034337,-1429.384479,-1416.350142,
-13.034337,-1429.384479,-1416.350142,
-13.034337,-1429.384479,-1416.350142,
-13.034337,-1429.384479,-1416.350142,
-13.037942,-1429.508774,-1416.470832,
-13.037942,-1429.508774,-1416.470832,
-13.037942,-1429.508774,-1416.470832,
-13.038583,-1428.641120,-1415.602537,
-13.038583,-1428.641120,-1415.602537,
-13.036675,-1427.381019,-1414.344345,
-13.036675,-1427.381019,-1414.344345,
-13.040201,-1427.856408,-1414.816206,
-13.040201,-1427.856408,-1414.816206,
-13.040099,-1427.704345,-1414.664246,
-13.039578,-1428.925739,-1415.886161,
-13.039578,-1428.925739,-1415.886161,
-13.039578,-1428.925739,-1415.886161,
-13.039578,-1428.925739,-1415.886161,
-13.039578,-1428.925739,-1415.886161,
-13.039578,-1428.925739,-1415.886161,
-13.039578,-1428.925739,-1415.886161,
-13.039578,-1428.925739,-1415.886161,
-13.039578,-1428.925739,-1415.886161,
-13.039578,-1428.925739,-1415.886161,
-13.039578,-1428.925739,-1415.886161,
-13.039578,-1428.925739,-1415.886161,
-13.039578,-1428.925739,-1415.886161,
-13.039578,-1428.925739,-1415.886161,
-13.038260,-1426.842198,-1413.803937,
-13.038260,-1426.842198,-1413.803937,
-13.038260,-1426.842198,-1413.803937,
-13.038260,-1426.842198,-1413.803937,
-13.038260,-1426.842198,-1413.803937,
-13.038260,-1426.842198,-1413.803937,
-13.037449,-1427.408087,-1414.370638,
-13.037449,-1427.408087,-1414.370638,
-13.037449,-1427.408087,-1414.370638,
-13.037449,-1427.408087,-1414.370638,
-13.037449,-1427.408087,-1414.370638,
-13.038636,-1426.104044,-1413.065407,
-13.038636,-1426.104044,-1413.065407,
-13.038636,-1426.104044,-1413.065407,
-13.039778,-1426.371607,-1413.331829,
-13.039778,-1426.371607,-1413.331829,
-13.039842,-1426.228891,-1413.189048,
-13.038518,-1426.489113,-1413.450595,
-13.038518,-1426.489113,-1413.450595,
-13.038518,-1426.489113,-1413.450595,
-13.040279,-1427.454160,-1414.413881,
-13.038336,-1425.769008,-1412.730672,
-13.038336,-1425.769008,-1412.730672,
-13.038336,-1425.769008,-1412.730672,
-13.038336,-1425.769008,-1412.730672,
-13.038336,-1425.769008,-1412.730672,
-13.038577,-1427.364376,-1414.325798,
-13.038577,-1427.364376,-1414.325798,
-13.036776,-1428.148754,-1415.111978,
-13.036776,-1428.148754,-1415.111978,
-13.039240,-1427.161524,-1414.122284,
-13.038345,-1426.572811,-1413.534466,
-13.038345,-1426.572811,-1413.534466,
-13.036907,-1427.525057,-1414.488150,
-13.036907,-1427.525057,-1414.488150,
-13.036907,-1427.525057,-1414.488150,
-13.036907,-1427.525057,-1414.488150,
-13.037667,-1426.609589,-1413.571922,
-13.037667,-1426.609589,-1413.571922,
-13.035924,-1426.402666,-1413.366742,
-13.035924,-1426.402666,-1413.366742,
-13.036251,-1425.864181,-1412.827930,
-13.036810,-1427.191997,-1414.155186,
-13.036810,-1427.191997,-1414.155186,
-13.036810,-1427.191997,-1414.155186,
-13.036810,-1427.191997,-1414.155186,
-13.037828,-1426.589412,-1413.551584,
-13.037485,-1426.672939,-1413.635453,
-13.036053,-1427.057911,-1414.021858,
-13.036053,-1427.057911,-1414.021858,
-13.036053,-1427.057911,-1414.021858,
-13.036053,-1427.057911,-1414.021858,
-13.036053,-1427.057911,-1414.021858,
-13.036053,-1427.057911,-1414.021858,
-13.035488,-1426.707892,-1413.672404,
-13.035488,-1426.707892,-1413.672404,
-13.035488,-1426.707892,-1413.672404,
-13.036571,-1427.477337,-1414.440766,
-13.036571,-1427.477337,-1414.440766,
-13.036571,-1427.477337,-1414.440766,
-13.036321,-1426.636265,-1413.599944,
-13.036321,-1426.636265,-1413.599944,
-13.036321,-1426.636265,-1413.599944,
-13.036321,-1426.636265,-1413.599944,
-13.035329,-1426.065242,-1413.029913,
-13.035329,-1426.065242,-1413.029913,
-13.035329,-1426.065242,-1413.029913,
-13.037127,-1426.132857,-1413.095731,
-13.037127,-1426.132857,-1413.095731,
-13.037127,-1426.132857,-1413.095731,
-13.037127,-1426.132857,-1413.095731,
-13.037127,-1426.132857,-1413.095731,
-13.037127,-1426.132857,-1413.095731,
-13.037981,-1426.887252,-1413.849272,
-13.037981,-1426.887252,-1413.849272,
-13.037981,-1426.887252,-1413.849272,
-13.037981,-1426.887252,-1413.849272,
-13.037981,-1426.887252,-1413.849272,
-13.037981,-1426.887252,-1413.849272,
-13.037981,-1426.887252,-1413.849272,
-13.037981,-1426.887252,-1413.849272,
-13.037981,-1426.887252,-1413.849272,
-13.037643,-1426.794670,-1413.757028,
-13.035659,-1428.018303,-1414.982644,
-13.033532,-1427.443657,-1414.410125,
-13.035019,-1426.711437,-1413.676417,
-13.035019,-1426.711437,-1413.676417,
-13.035019,-1426.711437,-1413.676417,
-13.035019,-1426.711437,-1413.676417,
-13.035019,-1426.711437,-1413.676417,
-13.034085,-1428.428586,-1415.394502,
-13.035461,-1429.106161,-1416.070700,
-13.033491,-1428.574050,-1415.540559,
-13.033491,-1428.574050,-1415.540559,
-13.033491,-1428.574050,-1415.540559,
-13.033491,-1428.574050,-1415.540559,
-13.033491,-1428.574050,-1415.540559,
-13.034249,-1428.581870,-1415.547620,
-13.034249,-1428.581870,-1415.547620,
-13.035208,-1428.043258,-1415.008050,
-13.035208,-1428.043258,-1415.008050,
-13.038879,-1428.628337,-1415.589458,
-13.037199,-1427.704870,-1414.667671,
-13.037787,-1426.588413,-1413.550626,
-13.037787,-1426.588413,-1413.550626,
-13.037295,-1426.582656,-1413.545361,
-13.037295,-1426.582656,-1413.545361,
-13.037295,-1426.582656,-1413.545361,
-13.037295,-1426.582656,-1413.545361,
-13.036485,-1425.584834,-1412.548349,
-13.037252,-1426.195487,-1413.158234,
-13.035209,-1426.208934,-1413.173725,
-13.035209,-1426.208934,-1413.173725,
-13.035209,-1426.208934,-1413.173725,
-13.035209,-1426.208934,-1413.173725,
-13.037262,-1426.520260,-1413.482998,
-13.037262,-1426.520260,-1413.482998,
-13.037262,-1426.520260,-1413.482998,
-13.037296,-1427.531803,-1414.494507,
-13.037296,-1427.531803,-1414.494507,
-13.037296,-1427.531803,-1414.494507,
-13.037296,-1427.531803,-1414.494507,
-13.036286,-1425.336450,-1412.300163,
-13.036286,-1425.336450,-1412.300163,
-13.036286,-1425.336450,-1412.300163,
-13.036286,-1425.336450,-1412.300163,
-13.036286,-1425.336450,-1412.300163,
-13.036286,-1425.336450,-1412.300163,
-13.036286,-1425.336450,-1412.300163,
-13.038584,-1425.635252,-1412.596668,
-13.038584,-1425.635252,-1412.596668,
-13.037477,-1426.274598,-1413.237121,
-13.037477,-1426.274598,-1413.237121,
-13.037477,-1426.274598,-1413.237121,
-13.037477,-1426.274598,-1413.237121,
-13.037477,-1426.274598,-1413.237121,
-13.038458,-1426.668242,-1413.629783,
-13.038458,-1426.668242,-1413.629783,
-13.038458,-1426.668242,-1413.629783,
-13.039574,-1426.782224,-1413.742650,
-13.039574,-1426.782224,-1413.742650,
-13.039574,-1426.782224,-1413.742650,
-13.038084,-1426.382121,-1413.344036,
-13.038084,-1426.382121,-1413.344036,
-13.038084,-1426.382121,-1413.344036,
-13.038084,-1426.382121,-1413.344036,
-13.038084,-1426.382121,-1413.344036,
-13.039628,-1426.007221,-1412.967593,
-13.039628,-1426.007221,-1412.967593,
-13.039628,-1426.007221,-1412.967593,
-13.039628,-1426.007221,-1412.967593,
-13.039628,-1426.007221,-1412.967593,
-13.039628,-1426.007221,-1412.967593,
-13.039628,-1426.007221,-1412.967593,
-13.039628,-1426.007221,-1412.967593,
-13.038555,-1425.771021,-1412.732466,
-13.037556,-1427.349295,-1414.311740,
-13.037556,-1427.349295,-1414.311740,
-13.039386,-1427.340216,-1414.300830,
-13.039386,-1427.340216,-1414.300830,
-13.039386,-1427.340216,-1414.300830,
-13.039386,-1427.340216,-1414.300830,
-13.037535,-1426.625186,-1413.587651,
-13.037446,-1426.453858,-1413.416413,
-13.039814,-1426.361340,-1413.321526,
-13.039814,-1426.361340,-1413.321526,
-13.035916,-1426.140172,-1413.104256,
-13.039694,-1428.306709,-1415.267014,
-13.040627,-1431.554645,-1418.514019,
-13.036521,-1427.960693,-1414.924172,
-13.036521,-1427.960693,-1414.924172,
-13.036521,-1427.960693,-1414.924172,
-13.035845,-1430.002690,-1416.966844,
-13.035845,-1430.002690,-1416.966844,
-13.035845,-1430.002690,-1416.966844,
-13.035845,-1430.002690,-1416.966844,
-13.035252,-1427.231179,-1414.195927,
-13.035252,-1427.231179,-1414.195927,
-13.034272,-1427.372447,-1414.338175,
-13.036175,-1426.525008,-1413.488832,
-13.036175,-1426.525008,-1413.488832,
-13.035818,-1426.056694,-1413.020876,
-13.035818,-1426.056694,-1413.020876,
-13.035347,-1425.871791,-1412.836445,
-13.035347,-1425.871791,-1412.836445,
-13.035347,-1425.871791,-1412.836445,
-13.035347,-1425.871791,-1412.836445,
-13.035347,-1425.871791,-1412.836445,
-13.035347,-1425.871791,-1412.836445,
-13.035347,-1425.871791,-1412.836445,
-13.035347,-1425.871791,-1412.836445,
-13.035347,-1425.871791,-1412.836445,
-13.034009,-1427.361969,-1414.327960,
-13.034009,-1427.361969,-1414.327960,
-13.036906,-1426.743412,-1413.706506,
-13.034969,-1427.160986,-1414.126017,
-13.034969,-1427.160986,-1414.126017,
-13.036314,-1428.335486,-1415.299172,
-13.036314,-1428.335486,-1415.299172,
-13.034861,-1427.521701,-1414.486840,
-13.034861,-1427.521701,-1414.486840,
-13.034861,-1427.521701,-1414.486840,
-13.034861,-1427.521701,-1414.486840,
-13.034861,-1427.521701,-1414.486840,
-13.034861,-1427.521701,-1414.486840,
-13.037710,-1426.525872,-1413.488162,
-13.037710,-1426.525872,-1413.488162,
-13.037710,-1426.525872,-1413.488162,
-13.038008,-1427.499908,-1414.461900,
-13.038008,-1427.499908,-1414.461900,
-13.038008,-1427.499908,-1414.461900,
-13.038008,-1427.499908,-1414.461900,
-13.036902,-1427.887397,-1414.850495,
-13.036902,-1427.887397,-1414.850495,
-13.036902,-1427.887397,-1414.850495,
-13.036902,-1427.887397,-1414.850495,
-13.036902,-1427.887397,-1414.850495,
-13.037881,-1426.813467,-1413.775586,
-13.037881,-1426.813467,-1413.775586,
-13.037881,-1426.813467,-1413.775586,
-13.037881,-1426.813467,-1413.775586,
-13.037881,-1426.813467,-1413.775586,
-13.037881,-1426.813467,-1413.775586,
-13.037881,-1426.813467,-1413.775586,
-13.039073,-1427.346189,-1414.307116,
-13.039073,-1427.346189,-1414.307116,
-13.039073,-1427.346189,-1414.307116,
-13.039672,-1427.064427,-1414.024755,
-13.039672,-1427.064427,-1414.024755,
-13.039672,-1427.064427,-1414.024755,
-13.039672,-1427.064427,-1414.024755,
-13.039672,-1427.064427,-1414.024755,
-13.039672,-1427.064427,-1414.024755,
-13.039672,-1427.064427,-1414.024755,
-13.039672,-1427.064427,-1414.024755,
-13.039672,-1427.064427,-1414.024755,
-13.039672,-1427.064427,-1414.024755,
-13.039672,-1427.064427,-1414.024755,
-13.038408,-1426.073208,-1413.034800,
-13.038408,-1426.073208,-1413.034800,
-13.038408,-1426.073208,-1413.034800,
-13.038408,-1426.073208,-1413.034800,
-13.038207,-1426.287286,-1413.249079,
-13.038207,-1426.287286,-1413.249079,
-13.038207,-1426.287286,-1413.249079,
-13.038207,-1426.287286,-1413.249079,
-13.035819,-1425.975019,-1412.939200,
-13.035819,-1425.975019,-1412.939200,
-13.035819,-1425.975019,-1412.939200,
-13.035819,-1425.975019,-1412.939200,
-13.035819,-1425.975019,-1412.939200,
-13.035819,-1425.975019,-1412.939200,
-13.035819,-1425.975019,-1412.939200,
-13.035819,-1425.975019,-1412.939200,
-13.035819,-1425.975019,-1412.939200,
-13.035264,-1426.242223,-1413.206959,
-13.035264,-1426.242223,-1413.206959,
-13.035264,-1426.242223,-1413.206959,
-13.035264,-1426.242223,-1413.206959,
-13.035264,-1426.242223,-1413.206959,
-13.035264,-1426.242223,-1413.206959,
-13.035264,-1426.242223,-1413.206959,
-13.035264,-1426.242223,-1413.206959,
-13.035264,-1426.242223,-1413.206959,
-13.036735,-1426.403606,-1413.366871,
-13.036735,-1426.403606,-1413.366871,
-13.035698,-1426.097563,-1413.061866,
-13.034420,-1427.810913,-1414.776493,
-13.034592,-1426.677919,-1413.643327,
-13.034592,-1426.677919,-1413.643327,
-13.036760,-1428.880172,-1415.843412,
-13.036760,-1428.880172,-1415.843412,
-13.036760,-1428.880172,-1415.843412,
-13.038874,-1428.740210,-1415.701336,
-13.038874,-1428.740210,-1415.701336,
-13.038874,-1428.740210,-1415.701336,
-13.038523,-1428.709412,-1415.670889,
-13.038523,-1428.709412,-1415.670889,
-13.038806,-1429.265578,-1416.226772,
-13.038566,-1428.631968,-1415.593402,
-13.038566,-1428.631968,-1415.593402,
-13.038338,-1428.266033,-1415.227696,
-13.038338,-1428.266033,-1415.227696,
-13.039614,-1426.326050,-1413.286437,
-13.039614,-1426.326050,-1413.286437,
-13.039614,-1426.326050,-1413.286437,
-13.039614,-1426.326050,-1413.286437,
-13.039614,-1426.326050,-1413.286437,
-13.039614,-1426.326050,-1413.286437,
-13.041211,-1427.822729,-1414.781518,
-13.039651,-1425.897874,-1412.858223,
-13.039651,-1425.897874,-1412.858223,
-13.039838,-1427.509931,-1414.470093,
-13.039362,-1426.764001,-1413.724640,
-13.039486,-1427.693016,-1414.653530,
-13.038819,-1425.530409,-1412.491590,
-13.038819,-1425.530409,-1412.491590,
-13.038819,-1425.530409,-1412.491590,
-13.038819,-1425.530409,-1412.491590,
-13.038819,-1425.530409,-1412.491590,
-13.038819,-1425.530409,-1412.491590,
-13.036896,-1427.189254,-1414.152359,
-13.036896,-1427.189254,-1414.152359,
-13.037500,-1425.692812,-1412.655312,
-13.037830,-1426.811795,-1413.773965,
-13.037830,-1426.811795,-1413.773965,
-13.038080,-1426.485448,-1413.447368,
-13.038080,-1426.485448,-1413.447368,
-13.038080,-1426.485448,-1413.447368,
-13.037208,-1427.051389,-1414.014181,
-13.037208,-1427.051389,-1414.014181,
-13.038726,-1426.637151,-1413.598425,
-13.038726,-1426.637151,-1413.598425,
-13.037431,-1426.418057,-1413.380626,
-13.037431,-1426.418057,-1413.380626,
-13.036856,-1427.409423,-1414.372567,
-13.036856,-1427.409423,-1414.372567,
-13.036856,-1427.409423,-1414.372567,
-13.036856,-1427.409423,-1414.372567,
-13.036601,-1427.494696,-1414.458094,
-13.037091,-1427.677907,-1414.640816,
-13.034654,-1428.793591,-1415.758936,
-13.034654,-1428.793591,-1415.758936,
-13.034183,-1429.340243,-1416.306060,
-13.034183,-1429.340243,-1416.306060,
-13.034062,-1428.737689,-1415.703627,
-13.034361,-1428.510556,-1415.476196,
-13.034190,-1428.486269,-1415.452079,
-13.034190,-1428.486269,-1415.452079,
-13.034190,-1428.486269,-1415.452079,
-13.034190,-1428.486269,-1415.452079,
-13.034190,-1428.486269,-1415.452079,
-13.036921,-1426.997007,-1413.960087,
-13.037159,-1425.318583,-1412.281424,
-13.037159,-1425.318583,-1412.281424,
-13.037159,-1425.318583,-1412.281424,
-13.037159,-1425.318583,-1412.281424,
-13.037159,-1425.318583,-1412.281424,
-13.037148,-1425.591087,-1412.553939,
-13.037148,-1425.591087,-1412.553939,
-13.037148,-1425.591087,-1412.553939,
-13.037148,-1425.591087,-1412.553939,
-13.037148,-1425.591087,-1412.553939,
-13.037148,-1425.591087,-1412.553939,
-13.039168,-1426.361527,-1413.322359,
-13.038550,-1426.312657,-1413.274107,
-13.038550,-1426.312657,-1413.274107,
-13.036338,-1426.455015,-1413.418677,
-13.036338,-1426.455015,-1413.418677,
-13.036338,-1426.455015,-1413.418677,
-13.036338,-1426.455015,-1413.418677,
-13.038435,-1425.481041,-1412.442606,
-13.038435,-1425.481041,-1412.442606,
-13.038435,-1425.481041,-1412.442606,
-13.038435,-1425.481041,-1412.442606,
-13.038435,-1425.481041,-1412.442606,
-13.038435,-1425.481041,-1412.442606,
-13.039364,-1425.714785,-1412.675421,
-13.039184,-1426.483573,-1413.444390,
-13.038605,-1427.259484,-1414.220878,
-13.038605,-1427.259484,-1414.220878,
-13.038605,-1427.259484,-1414.220878,
-13.038382,-1427.591112,-1414.552730,
-13.038825,-1426.592052,-1413.553227,
-13.038825,-1426.592052,-1413.553227,
-13.038825,-1426.592052,-1413.553227,
-13.038825,-1426.592052,-1413.553227,
