84511.779919, 
54343.166294, 
48665.672259, 
48665.672259, 
43064.292074, 
43064.292074, 
43064.292074, 
30781.610666, 
30781.610666, 
30781.610666, 
30781.610666, 
30781.610666, 
30781.610666, 
30781.610666, 
30781.610666, 
30781.610666, 
30781.610666, 
30781.610666, 
30781.610666, 
30781.610666, 
30781.610666, 
30781.610666, 
30781.610666, 
30781.610666, 
30781.610666, 
30781.610666, 
30781.610666, 
30781.610666, 
30781.610666, 
30781.610666, 
30781.610666, 
30781.610666, 
30781.610666, 
30781.610666, 
30781.610666, 
30781.610666, 
30781.610666, 
30781.610666, 
30472.105815, 
30472.105815, 
26448.246538, 
26448.246538, 
17485.187467, 
17485.187467, 
17485.187467, 
17485.187467, 
17209.853920, 
17209.853920, 
17139.303755, 
17139.303755, 
17000.380394, 
17000.380394, 
17000.380394, 
17000.380394, 
17000.380394, 
17000.380394, 
13282.441999, 
13282.441999, 
13282.441999, 
11663.853815, 
10632.162362, 
10632.162362, 
10632.162362, 
10382.372211, 
10382.372211, 
8479.332576, 
8076.454545, 
8076.454545, 
8076.454545, 
8076.454545, 
7353.961570, 
7255.533350, 
7255.533350, 
7255.533350, 
6626.511176, 
6626.511176, 
6317.551643, 
5799.857315, 
5799.857315, 
5799.857315, 
5799.857315, 
5725.262430, 
5725.262430, 
5725.262430, 
5619.000803, 
5360.250436, 
5174.609746, 
5034.779559, 
4816.606693, 
4705.940128, 
4686.276790, 
4686.276790, 
4686.276790, 
4116.468171, 
3997.762018, 
3960.509307, 
3615.889448, 
3615.889448, 
3423.216452, 
3423.216452, 
3423.216452, 
3358.799300, 
3358.799300, 
3358.799300, 
3331.167088, 
3331.167088, 
3331.167088, 
3244.665727, 
3199.644843, 
3082.048570, 
3082.048570, 
3082.048570, 
3055.887102, 
3055.887102, 
3055.887102, 
2956.348368, 
2956.348368, 
2938.600673, 
2938.600673, 
2938.600673, 
2938.600673, 
2938.600673, 
2938.600673, 
2923.883145, 
2923.883145, 
2923.883145, 
2923.883145, 
2923.883145, 
2866.360209, 
2866.360209, 
2866.360209, 
2866.360209, 
2866.360209, 
2866.360209, 
2866.360209, 
2866.360209, 
2837.624707, 
2837.624707, 
2837.624707, 
2837.624707, 
2837.624707, 
2837.624707, 
2837.624707, 
2837.624707, 
2837.624707, 
2837.624707, 
2837.624707, 
2837.624707, 
2837.624707, 
2837.624707, 
2837.624707, 
2837.624707, 
2838.202391, 
2838.202391, 
2838.202391, 
2838.202391, 
2838.202391, 
2840.606930, 
2837.913954, 
2839.061153, 
2839.061153, 
2839.061153, 
2839.061153, 
2839.061153, 
2838.570891, 
2838.570891, 
2838.570891, 
2838.570891, 
2835.517757, 
2835.517757, 
2833.360730, 
2836.448948, 
2835.032267, 
2835.032267, 
2835.032267, 
2834.658902, 
2834.658902, 
2834.556146, 
2833.456793, 
2833.456793, 
2833.456793, 
2833.456793, 
2834.410958, 
2834.410958, 
2834.410958, 
2834.410958, 
2834.410958, 
2834.410958, 
2834.410958, 
2833.723998, 
2833.416105, 
2833.416105, 
2833.416105, 
2833.416105, 
2833.416105, 
2832.510699, 
2832.245067, 
2832.678011, 
2832.678011, 
2832.678011, 
2832.791331, 
2832.698202, 
2834.423349, 
2833.150684, 
2833.150684, 
2833.150684, 
2833.150684, 
2832.509177, 
2832.509177, 
2832.509177, 
2832.509177, 
2832.509177, 
2835.254514, 
2835.254514, 
2835.254514, 
2833.966911, 
2833.966911, 
2833.966911, 
2833.966911, 
2833.966911, 
2834.327380, 
2834.327380, 
2834.327380, 
2834.566834, 
2834.566834, 
2834.566834, 
2834.566834, 
2834.319597, 
2834.216890, 
2834.109619, 
2834.109619, 
2834.109619, 
2834.109619, 
2835.443290, 
2835.443290, 
2835.443290, 
2836.696053, 
2836.696053, 
2836.696053, 
2836.696053, 
2836.696053, 
2838.464586, 
2840.217650, 
2839.749735, 
2839.749735, 
2839.749735, 
2839.749735, 
2839.878754, 
2839.878754, 
2839.834019, 
2839.834019, 
2839.834019, 
2838.107924, 
2838.107924, 
2834.769547, 
2835.027204, 
2835.027204, 
2835.579963, 
2836.113184, 
2834.992546, 
2834.164134, 
2834.164134, 
2834.164134, 
2834.164134, 
2834.164134, 
2832.885728, 
2833.476617, 
2833.476617, 
2833.476617, 
2832.951532, 
2832.951532, 
2836.657382, 
2835.820923, 
2834.936639, 
2834.936639, 
2834.936639, 
2838.103911, 
2838.103911, 
2842.106055, 
2838.727386, 
2838.273141, 
2838.273141, 
2838.273141, 
2838.273141, 
2838.273141, 
2838.273141, 
2835.132133, 
2835.132133, 
2835.132133, 
2835.132133, 
2833.666039, 
2833.666039, 
2833.666039, 
2833.666039, 
2833.666039, 
2833.666039, 
2832.319116, 
2832.319116, 
2832.319116, 
2834.529891, 
2834.529891, 
2834.529891, 
2834.529891, 
2834.529891, 
2834.529891, 
2834.529891, 
2834.529891, 
2833.799830, 
2835.108803, 
2835.108803, 
2835.108803, 
2835.108803, 
2835.108803, 
2838.435529, 
2838.435529, 
2838.435529, 
2834.007719, 
2833.764765, 
2833.764765, 
2833.764765, 
2833.764765, 
2833.764765, 
2833.764765, 
2833.764765, 
2833.764765, 
2833.764765, 
2833.764765, 
2833.764765, 
2833.764765, 
2835.039524, 
2835.039524, 
2835.039524, 
2835.039524, 
2833.280783, 
2833.280783, 
2834.462745, 
2834.462745, 
2834.462745, 
2834.462745, 
2834.462745, 
2834.462745, 
2834.462745, 
2834.462745, 
2834.462745, 
2834.462745, 
2834.462745, 
2834.462745, 
2834.462745, 
2834.462745, 
2834.462745, 
2834.462745, 
2834.462745, 
2834.462745, 
2838.781781, 
2838.781781, 
2836.384089, 
2836.384089, 
2836.384089, 
2835.697522, 
2837.558783, 
2837.558783, 
2837.558783, 
2834.757158, 
2834.757158, 
2834.757158, 
2834.757158, 
2834.757158, 
2834.757158, 
2834.757158, 
2834.757158, 
2834.631667, 
2834.631667, 
2834.631667, 
2834.631667, 
2834.631667, 
2834.631667, 
2837.953115, 
2841.900019, 
2841.900019, 
2836.341281, 
2836.341281, 
2836.341281, 
2836.341281, 
2836.401723, 
2836.401723, 
2836.401723, 
2837.419350, 
2837.419350, 
2837.419350, 
2837.419350, 
2837.419350, 
2837.419350, 
2837.419350, 
2837.419350, 
2837.419350, 
2837.419350, 
2837.419350, 
2837.419350, 
2837.419350, 
2837.419350, 
2839.430540, 
2839.430540, 
2841.009923, 
2841.009923, 
2840.713255, 
2842.020444, 
2843.421654, 
2843.421654, 
2843.054142, 
2843.054142, 
2843.054142, 
2843.054142, 
2844.008628, 
2844.008628, 
2844.008628, 
2844.008628, 
2844.008628, 
2839.186266, 
2839.186266, 
2839.186266, 
2834.671728, 
2834.671728, 
2834.671728, 
2834.671728, 
2834.620388, 
2835.796909, 
2838.360684, 
2836.936228, 
2836.936228, 
2836.936228, 
2836.936228, 
2836.936228, 
2835.858802, 
2835.166215, 
2834.608860, 
2834.608860, 
2832.887001, 
2834.523736, 
2834.523736, 
2835.260365, 
2835.102803, 
2835.102803, 
2836.739422, 
2833.932145, 
2833.932145, 
2834.180499, 
2834.468349, 
2834.468349, 
2833.946855, 
2833.946855, 
2833.946855, 
2833.946855, 
2833.946855, 
2833.946855, 
2833.946855, 
2833.946855, 
2835.019663, 
2835.019663, 
2834.028195, 
2834.028195, 
2834.028195, 
2834.028195, 
2834.028195, 
2834.028195, 
2834.028195, 
2834.028195, 
2834.147895, 
2833.845025, 
2833.041357, 
2833.041357, 
2833.041357, 
2833.041357, 
2833.041357, 
2833.041357, 
2834.731635, 
2838.704124, 
2838.704124, 
2839.026759, 
2839.026759, 
2839.026759, 
2839.026759, 
2839.026759, 
2839.026759, 
2839.782853, 
2839.782853, 
2836.524399, 
2836.524399, 
2836.524399, 
2836.524399, 
2836.307895, 
2835.074691, 
2835.074691, 
2835.074691, 
2834.935067, 
2834.935067, 
2834.935067, 
2834.935067, 
2834.935067, 
2834.935067, 
2834.935067, 
2834.935067, 
2835.064927, 
2841.593662, 
2836.889272, 
2836.889272, 
2836.556824, 
2836.556824, 
2836.610594, 
2836.610594, 
2835.612761, 
2835.612761, 
2836.519769, 
2836.519769, 
2836.143595, 
2836.759124, 
2836.759124, 
2836.759124, 
2836.759124, 
2835.616686, 
2835.616686, 
2834.043199, 
2834.043199, 
2834.043199, 
2834.043199, 
2838.815195, 
2838.815195, 
2838.815195, 
2838.815195, 
2838.815195, 
2838.815195, 
2838.815195, 
2839.661959, 
2839.661959, 
2839.661959, 
2839.661959, 
2839.661959, 
2836.900408, 
2836.900408, 
2836.900408, 
2836.900408, 
2838.070215, 
2838.070215, 
2838.070215, 
2838.070215, 
2838.070215, 
2838.677822, 
2838.677822, 
2838.677822, 
2838.677822, 
2837.669446, 
2839.005661, 
2838.770864, 
2838.197258, 
2838.197258, 
2838.197258, 
2834.994811, 
2834.994811, 
2834.994811, 
2833.866401, 
2833.866401, 
2833.866401, 
2833.866401, 
2833.866401, 
2833.724963, 
2833.724963, 
2836.493517, 
2836.412321, 
2836.412321, 
2836.412321, 
2836.412321, 
2836.412321, 
2836.412321, 
2836.412321, 
2836.609025, 
2836.609025, 
2835.017586, 
2835.017586, 
2838.632637, 
2835.242814, 
2835.242814, 
2833.415409, 
2833.415409, 
2833.415409, 
2835.924893, 
2836.216130, 
2834.348380, 
2834.348380, 
2834.348380, 
2839.261581, 
2834.655041, 
2834.655041, 
2835.662457, 
2838.037772, 
2838.037772, 
2838.037772, 
2838.037772, 
2838.037772, 
2838.037772, 
2838.037772, 
2838.037772, 
2838.037772, 
2838.037772, 
2838.037772, 
2837.661399, 
2838.785988, 
2838.785988, 
2838.785988, 
2838.567613, 
2836.892905, 
2836.892905, 
2836.892905, 
2836.892905, 
2836.927543, 
2836.927543, 
2832.701421, 
2832.701421, 
2832.701421, 
2832.701421, 
2832.701421, 
2832.701421, 
2832.701421, 
2832.701421, 
2832.968208, 
2832.968208, 
2832.968208, 
2832.968208, 
2832.968208, 
2835.058874, 
2835.058874, 
2835.058874, 
2832.648064, 
2832.648064, 
2832.648064, 
2832.648064, 
2834.863683, 
2835.255849, 
2835.255849, 
2835.255849, 
2836.327601, 
2834.814530, 
2834.814530, 
2838.075105, 
2838.075105, 
2838.075105, 
2838.889980, 
2833.360178, 
2833.360178, 
2833.360178, 
2833.360178, 
2833.360178, 
2833.863617, 
2833.863617, 
2833.863617, 
2833.863617, 
2833.863617, 
2833.863617, 
2833.863617, 
2833.863617, 
2833.863617, 
2833.863617, 
2833.863617, 
2833.863617, 
2833.863617, 
2833.863617, 
2832.312443, 
2832.312443, 
2832.312443, 
2832.538420, 
2832.538420, 
2832.538420, 
2832.538420, 
2832.538420, 
2832.538420, 
2832.922807, 
2833.519485, 
2833.519485, 
2832.103829, 
2832.103829, 
2832.103829, 
2832.103829, 
2832.103829, 
2832.103829, 
2832.103829, 
2832.103829, 
2832.103829, 
2832.103829, 
2832.103829, 
2832.103829, 
2832.103829, 
2832.103829, 
2832.103829, 
2832.103829, 
2833.694193, 
2835.702042, 
2835.702042, 
2835.702042, 
2835.702042, 
2835.702042, 
2835.702042, 
2835.702042, 
2835.319267, 
2835.319267, 
2835.319267, 
2835.782497, 
2835.782497, 
2835.782497, 
2835.782497, 
2835.782497, 
2835.782497, 
2833.656432, 
2833.656432, 
2833.656432, 
2840.197174, 
2836.150046, 
2835.505589, 
2835.505589, 
2835.505589, 
2835.505589, 
2835.505589, 
2835.505589, 
2835.777439, 
2835.777439, 
2835.777439, 
2835.777439, 
2834.792694, 
2834.792694, 
2834.792694, 
2834.792694, 
2834.564869, 
2836.383200, 
2836.383200, 
2836.383200, 
2836.383200, 
2836.491761, 
2839.856181, 
2839.856181, 
2835.360097, 
2835.360097, 
2835.360097, 
2836.189987, 
2836.189987, 
2835.509977, 
2835.509977, 
2835.509977, 
2835.509977, 
2835.509977, 
2835.509977, 
2835.509977, 
2835.509977, 
2835.073950, 
2834.033055, 
2836.112344, 
2836.112344, 
2836.346556, 
2842.573014, 
2848.150889, 
2841.467892, 
2841.692644, 
2841.692644, 
2841.692644, 
2835.195234, 
2834.270089, 
2833.702674, 
2833.702674, 
2832.101273, 
2832.101273, 
2833.671279, 
2833.671279, 
2836.069314, 
2841.223410, 
2836.855313, 
2836.855313, 
2836.855313, 
2833.243463, 
2833.243463, 
2833.243463, 
2833.243463, 
2833.749635, 
2840.789438, 
2841.471167, 
2841.471167, 
2839.451432, 
2838.169001, 
2838.169001, 
2837.343554, 
2837.533903, 
2837.533903, 
2839.625262, 
2839.625262, 
2838.212878, 
2836.891219, 
2834.839711, 
2834.397347, 
2834.397347, 
2834.397347, 
2834.397347, 
2834.563260, 
2836.001840, 
2836.001840, 
2836.001840, 
2836.001840, 
2836.001840, 
2834.441375, 
2834.441375, 
2834.441375, 
2834.441375, 
2834.441375, 
2832.784184, 
2832.784184, 
2832.784184, 
2832.784184, 
2835.316642, 
2835.316642, 
2835.316642, 
2835.247818, 
2835.247818, 
2835.247818, 
2837.600251, 
2837.600251, 
2837.600251, 
2837.600251, 
2837.600251, 
2837.600251, 
2837.600251, 
2837.600251, 
2837.600251, 
2837.600251, 
2839.631306, 
2839.631306, 
2839.631306, 
2839.631306, 
2839.631306, 
2839.631306, 
2838.019222, 
2838.019222, 
2840.559754, 
2840.559754, 
2840.559754, 
2840.559754, 
2837.537090, 
2837.537090, 
2837.537090, 
2837.537090, 
2837.537090, 
2837.537090, 
2837.537090, 
2837.537090, 
2834.370361, 
2832.771888, 
2834.274000, 
2834.274000, 
2833.022276, 
2833.022276, 
2833.022276, 
2833.022276, 
2832.723267, 
2832.723267, 
2832.723267, 
2832.723267, 
2832.723267, 
2832.723267, 
2832.723267, 
2832.723267, 
2832.723267, 
2832.723267, 
2834.822260, 
2834.822260, 
2834.822260, 
2834.822260, 
2834.822260, 
2834.822260, 
2834.822260, 
2834.822260, 
2834.822260, 
2834.822260, 
2834.822260, 
2834.822260, 
2834.822260, 
2834.822260, 
2834.822260, 
2834.822260, 
2834.822260, 
2834.822260, 
2833.677605, 
2833.677605, 
2832.759387, 
2832.759387, 
2832.759387, 
2832.759387, 
2832.759387, 
2832.759387, 
2832.759387, 
2832.759387, 
2832.759387, 
2833.605945, 
2833.605945, 
2833.605945, 
2833.605945, 
2833.605945, 
2833.605945, 
2832.312456, 
2834.798503, 
2834.798503, 
2836.611809, 
2836.611809, 
2836.611809, 
2836.611809, 
2836.611809, 
2835.131123, 
2835.131123, 
2835.734180, 
2835.734180, 
2835.734180, 
2835.734180, 
2835.734180, 
2835.734180, 
2835.734180, 
2835.734180, 
2835.734180, 
2835.450271, 
2834.386760, 
2833.485956, 
2832.754157, 
2832.754157, 
2832.754157, 
2832.254709, 
2833.641238, 
2833.633323, 
2840.535185, 
2839.754921, 
2839.333723, 
2839.333723, 
2839.333723, 
2839.333723, 
2839.333723, 
2835.363642, 
2835.363642, 
2832.636028, 
2832.636028, 
2832.636028, 
2832.636028, 
2832.636028, 
2833.369200, 
2833.369200, 
2833.369200, 
2833.369200, 
2833.369200, 
2833.369200, 
2833.369200, 
2833.369200, 
2833.369200, 
2833.369200, 
2833.369200, 
2833.369200, 
2833.369200, 
2833.369200, 
2833.871842, 
2833.871842, 
2835.183159, 
2835.183159, 
2835.183159, 
2835.183159, 
2835.183159, 
2835.183159, 
2835.183159, 
2834.431162, 
2834.431162, 
2834.431162, 
2834.431162, 
2834.431162, 
2834.431162, 
2834.431162, 
2834.431162, 
2834.431162, 
2834.431162, 
2835.376054, 
2837.254721, 
2836.887685, 
2836.887685, 
2836.887685, 
2836.887685, 
2836.906784, 
2836.906784, 
2833.351512, 
2833.351512, 
2833.351512, 
2833.351512, 
2833.351512, 
2833.244113, 
2833.244113, 
2833.244113, 
2833.244113, 
2833.606263, 
2833.606263, 
2833.606263, 
2833.606263, 
2834.538826, 
2834.538826, 
2834.538826, 
2834.538826, 
